9
9
9
11
11
11
9
9
9
9
14
20
2
20
14
2
14
9
11
9
9
9
9
14
14
20
14
14
14
25
21
20
14
20
20
21
25
14
14
21
20
21
21
14
20
20
21
20
8
8
14
25
8
14
21
14
25
21
25
11
11
9
9
9
9
20
8
8
14
25
25
20
21
8
21
20
14
21
21
20
25
20
25
8
14
8
21
21
20
21
2
14
14
25
25
21
14
14
14
25
20
21
20
21
25
14
25
14
20
25
14
21
14
21
21
20
8
25
25
20
20
20
21
14
25
25
14
21
14
20
14
20
25
21
2
8
8
8
25
21
25
21
20
25
25
20
20
14
25
14
14
25
21
20
20
20
9
9
9
20
20
20
21
8
20
20
6
14
6
14
20
21
14
22
6
22
3
8
8
21
6
20
14
22
8
2
2
20
20
14
22
20
8
22
8
8
20
8
6
8
22
8
20
6
6
20
20
22
20
22
22
2
8
20
6
22
20
20
6
20
2
6
20
8
2
20
22
6
6
22
20
20
6
22
20
20
6
22
20
22
22
22
20
6
20
6
22
2
20
20
3
22
2
8
22
22
20
11
11
9
11
11
20
8
8
2
6
2
6
8
8
8
22
20
8
20
20
6
2
3
22
2
8
20
20
2
3
6
20
6
2
20
6
3
3
20
3
8
20
22
2
20
22
20
8
6
8
6
20
3
3
2
20
2
20
2
3
20
6
3
17
2
2
3
3
2
6
8
2
20
3
8
6
3
3
3
3
8
24
9
9
11
11
17
3
10
3
3
24
8
24
24
3
3
10
24
3
3
10
17
10
18
10
3
24
10
3
17
3
3
17
3
17
3
24
10
24
3
24
18
3
10
9
9
9
11
10
24
17
24
10
24
3
24
3
24
24
17
3
3
3
10
3
3
10
3
17
10
3
10
17
3
3
17
24
17
18
10
3
17
18
18
24
17
17
18
3
17
17
24
24
10
18
17
17
10
3
17
17
11
11
9
9
9
11
24
3
10
24
17
17
18
17
3
18
17
17
24
17
10
3
17
24
17
24
10
3
17
10
10
3
10
24
17
17
24
18
24
3
18
10
17
10
18
10
18
10
18
18
10
17
18
18
18
17
3
18
24
11
9
12
17
10
18
18
24
18
18
17
12
17
18
10
24
18
18
17
3
10
18
17
12
17
18
18
10
18
12
17
18
18
18
18
18
12
17
18
18
12
18
17
18
17
12
17
18
24
12
17
12
4
17
18
18
4
12
17
18
18
5
17
17
18
18
4
5
18
5
12
5
12
9
9
11
9
9
17
18
4
5
12
12
18
17
12
18
5
5
7
12
17
5
4
5
4
4
12
18
12
7
18
5
4
5
4
5
4
4
12
5
5
5
12
4
4
12
5
12
5
12
7
18
7
4
4
5
4
12
12
4
4
4
5
4
12
5
7
12
4
7
12
9
11
9
11
5
4
7
4
4
4
7
4
5
5
4
5
5
4
12
5
4
12
4
5
4
12
5
4
12
5
4
4
4
12
4
12
5
5
4
7
7
4
5
4
7
5
5
5
4
12
4
5
4
7
7
7
4
4
23
5
5
12
4
5
4
5
7
5
4
4
7
4
5
4
13
5
4
4
11
9
11
5
4
5
4
7
5
7
5
7
19
4
5
4
23
19
23
4
13
4
7
7
4
7
4
13
4
23
4
4
4
13
23
13
13
4
13
4
4
23
4
23
9
9
9
11
13
13
19
19
4
4
23
13
13
13
13
23
13
13
23
4
19
13
19
19
23
4
19
23
23
23
19
23
23
13
13
23
19
19
23
19
23
9
11
9
9
9
19
19
23
23
19
19
13
13
23
23
23
19
23
23
23
23
23
19
9
9
9
19
23
19
19
19
19
23
19
23
19
23
23
23
9
23
19
15
15
15
15
15
15
15
15
15
15
15
15
15
15
15
15
15
15
15
9
9
11
9
15
15
15
15
15
15
15
15
15
15
15
15
16
15
15
15
16
1
15
15
15
15
16
15
15
15
15
1
15
16
11
9
9
15
16
15
15
16
15
15
16
16
16
16
15
15
16
16
15
15
15
15
15
1
15
16
16
15
1
16
15
16
15
1
15
16
15
1
1
16
1
15
16
15
1
15
16
15
1
16
15
1
16
11
1
16
15
15
15
1
1
16
16
15
1
16
16
1
1
16
15
15
15
1
1
1
15
15
1
16
15
16
16
1
1
16
1
16
15
1
16
1
1
1
1
16
15
1
15
1
1
