4
4
4
14
14
14
4
4
4
4
1
23
18
23
1
18
1
4
14
4
4
4
4
1
1
23
1
1
1
12
12
23
1
23
23
12
12
1
1
12
23
12
12
1
23
5
12
23
3
3
1
12
3
1
1
1
18
12
12
14
14
4
4
4
4
23
3
3
1
18
18
23
12
3
12
23
1
12
12
23
12
23
12
3
1
3
12
12
23
12
18
1
1
12
12
12
1
1
1
18
23
12
23
1
18
1
12
1
23
18
1
12
1
12
1
23
3
18
18
23
23
23
12
1
18
18
1
12
1
23
1
23
18
12
18
3
3
3
18
12
18
12
5
18
18
23
23
1
18
1
1
18
12
23
5
5
4
4
4
23
23
23
12
3
23
23
12
1
12
1
23
12
1
12
12
1
7
3
3
12
12
5
1
1
3
18
18
23
23
1
1
5
3
12
3
3
5
3
18
3
1
3
23
12
12
23
23
1
5
1
1
18
3
23
12
1
23
5
12
23
18
18
5
3
18
23
12
12
12
12
5
7
12
1
23
23
18
1
5
12
12
1
5
12
5
12
1
18
23
23
7
1
18
3
1
1
5
14
14
4
14
14
5
3
3
18
18
18
18
3
3
3
1
7
3
7
7
12
18
7
12
18
3
5
7
18
7
12
7
12
18
7
18
7
7
7
7
3
7
12
18
5
12
5
3
18
3
18
5
7
7
18
5
18
7
18
7
7
18
7
5
18
18
7
7
18
18
3
18
7
16
3
18
7
7
7
7
3
7
4
4
14
14
5
7
3
7
7
5
3
7
7
7
16
3
7
7
16
3
5
3
2
3
16
7
3
16
5
16
16
5
7
5
7
7
3
7
7
7
2
7
3
4
4
4
14
3
20
20
20
3
7
7
7
16
7
7
20
16
16
16
3
16
16
3
16
20
3
16
3
20
16
16
20
7
20
2
3
16
20
2
2
20
20
20
2
16
20
20
20
16
3
2
20
20
3
16
20
20
14
14
4
4
4
14
20
16
3
20
20
20
2
20
16
13
20
20
16
20
25
16
20
20
20
20
25
16
20
25
25
16
25
20
20
20
20
13
20
16
2
25
20
25
13
25
13
25
2
2
25
20
2
2
13
20
16
13
16
14
4
25
20
25
13
13
16
2
2
20
25
20
2
25
16
2
13
20
16
25
2
20
25
20
13
13
25
13
25
20
13
2
13
13
2
25
20
13
13
25
2
20
13
20
25
20
13
20
25
20
25
24
20
13
24
24
25
20
13
24
9
20
20
13
13
24
9
13
9
25
11
25
4
4
14
4
4
20
13
24
9
25
25
24
20
25
13
11
9
25
25
20
11
24
9
24
24
25
24
25
25
13
11
24
11
24
9
24
24
25
9
9
9
25
24
13
25
9
25
9
25
25
13
25
13
24
11
24
25
25
24
24
24
9
24
25
9
25
25
24
25
25
4
14
4
14
11
10
25
24
24
13
25
24
11
11
13
11
9
24
25
9
24
25
24
9
24
25
9
24
25
11
24
10
24
25
10
25
11
9
24
25
25
24
11
24
25
11
9
9
10
25
24
11
10
25
25
25
10
10
9
11
9
25
24
11
24
11
25
9
10
10
25
10
9
24
25
11
24
10
14
4
14
9
10
11
10
25
11
25
11
25
11
10
11
10
9
11
9
10
25
10
25
25
10
25
10
25
10
9
10
10
10
25
9
25
25
10
25
10
10
6
10
6
4
4
4
14
25
25
22
22
10
10
6
25
25
25
25
6
25
25
6
10
22
25
6
22
6
10
22
6
6
6
22
6
6
25
25
6
22
22
6
22
6
4
14
4
4
4
22
22
6
6
22
22
25
25
6
6
6
22
6
6
6
6
6
22
4
4
4
22
6
22
22
22
22
6
22
6
22
6
6
6
4
6
22
15
15
15
15
15
15
15
15
15
15
15
15
15
15
15
15
15
15
21
4
4
14
4
15
15
15
15
15
15
15
15
15
15
15
15
17
15
21
15
17
17
15
15
21
15
17
15
21
21
15
17
15
17
14
4
4
15
17
15
15
17
15
21
17
17
17
17
15
21
17
17
15
21
15
15
15
17
15
17
17
21
17
17
15
17
21
17
15
17
15
17
17
17
17
15
17
15
17
15
17
15
17
17
15
17
17
14
17
17
21
21
15
17
17
17
17
15
17
17
17
17
17
17
21
15
21
17
17
17
21
21
17
17
15
17
17
17
17
17
17
17
15
17
17
17
17
17
17
17
8
17
21
17
17
4
4
4
4
14
4
4
17
17
17
17
17
21
17
21
17
17
15
8
17
17
17
17
8
17
21
17
17
17
17
17
17
17
17
17
8
17
17
17
17
17
17
21
17
17
17
17
17
21
14
4
19
17
17
17
17
17
17
17
8
8
17
17
8
8
17
17
8
8
17
19
17
17
17
17
17
8
21
17
21
17
8
8
14
4
4
17
17
8
8
17
17
17
17
21
8
8
8
17
17
8
21
21
17
8
17
19
8
17
17
17
8
8
17
17
17
8
17
8
21
19
17
19
8
17
19
17
8
17
19
17
8
17
8
19
19
8
17
21
17
19
8
21
21
17
17
17
17
19
19
