48
48
48
27
27
27
48
48
48
48
46
3
3
3
46
3
46
48
1
48
48
48
48
46
46
38
46
46
46
6
23
38
46
11
11
23
6
46
46
23
38
23
7
46
11
38
23
38
24
39
46
6
39
46
23
46
6
7
6
27
1
25
48
25
25
38
24
39
46
6
6
11
23
39
23
38
23
7
23
11
6
38
7
39
23
24
23
23
38
23
6
41
41
6
6
23
41
23
23
6
11
7
11
23
6
41
6
41
38
6
41
23
41
7
23
38
24
6
6
11
11
11
7
41
6
6
41
7
41
38
41
11
6
23
6
39
24
24
6
7
6
7
38
6
6
11
11
41
6
41
41
6
23
11
38
38
48
25
25
11
11
38
28
24
11
38
7
41
7
41
38
28
41
28
7
28
34
24
24
7
7
38
41
28
24
31
31
11
11
41
28
38
24
28
24
24
38
49
6
49
41
24
11
7
7
32
32
28
38
28
41
31
24
32
7
28
32
38
7
32
31
31
38
24
31
32
28
7
7
28
38
34
7
28
32
32
31
41
38
28
28
28
38
7
38
7
28
31
32
32
34
28
31
49
28
41
38
27
1
48
27
27
32
49
17
31
31
31
31
49
17
49
28
34
49
32
32
7
31
34
28
31
49
32
32
31
34
7
32
7
31
32
31
34
34
34
34
49
32
28
31
47
28
38
49
31
17
31
32
34
34
31
32
31
32
31
34
32
31
34
47
31
31
34
34
31
31
17
31
32
34
17
31
34
34
34
34
17
32
25
25
27
27
47
34
49
34
34
47
17
32
32
34
45
17
34
34
34
19
47
19
4
19
45
32
19
45
47
45
45
47
34
47
34
40
19
40
34
40
4
34
19
25
48
25
27
19
47
47
47
19
40
34
40
45
40
40
47
45
45
45
19
45
45
19
45
47
29
45
29
47
45
45
47
40
47
4
29
45
47
4
4
40
47
47
4
45
47
47
40
40
19
4
47
47
19
45
47
47
27
1
25
48
25
27
40
45
29
40
50
40
4
47
45
9
47
50
40
47
29
45
50
40
50
40
29
45
50
29
29
45
5
40
50
50
40
9
40
45
4
5
50
29
9
29
9
5
4
4
29
50
4
2
9
50
45
9
40
27
48
5
50
29
9
9
40
2
2
50
5
50
4
29
40
2
9
50
45
29
4
50
5
50
9
9
29
9
5
50
9
2
9
9
18
5
50
9
9
5
2
50
9
50
5
50
9
40
5
50
5
2
50
9
2
2
5
50
18
18
14
50
50
9
9
2
14
9
14
5
14
5
48
25
27
25
48
50
9
2
14
5
5
18
50
5
9
14
14
33
5
50
14
2
14
18
2
5
18
5
33
9
14
13
14
18
14
13
18
5
14
14
14
5
13
18
5
14
5
14
12
12
18
12
18
18
14
13
12
12
18
13
13
14
13
12
14
33
12
18
12
12
20
1
25
1
14
18
33
18
18
36
33
13
14
14
36
14
14
13
12
14
18
12
18
14
18
12
14
18
12
14
13
36
13
12
36
12
14
14
13
12
33
13
14
13
12
14
14
14
36
12
13
14
36
33
12
33
36
36
43
14
14
12
13
14
13
14
33
14
36
36
33
36
14
21
12
14
21
21
27
25
1
14
36
14
21
26
14
26
14
26
10
36
14
21
43
10
43
36
35
36
26
26
21
26
21
35
36
43
21
21
36
35
43
35
35
36
26
36
36
43
36
43
20
20
25
27
35
35
10
10
36
21
43
35
35
26
26
43
35
26
43
21
10
35
10
10
43
21
10
43
43
43
10
43
43
26
26
43
10
10
43
10
43
25
27
20
37
20
10
10
43
43
10
10
26
35
43
43
43
10
43
43
43
43
43
10
37
20
25
10
43
10
10
10
10
43
10
43
10
43
43
43
20
43
10
8
8
8
8
8
8
8
8
8
8
8
8
8
8
8
8
8
8
8
20
25
1
20
8
8
8
8
8
8
8
8
8
8
8
8
15
8
8
8
42
42
8
8
8
8
15
8
8
8
8
42
8
22
1
20
20
8
15
8
8
22
8
8
22
15
15
42
8
8
42
15
8
8
8
8
8
44
8
22
22
8
42
42
8
15
8
42
8
22
8
44
16
15
44
8
42
8
42
8
22
8
44
30
8
16
30
27
16
30
8
8
8
16
16
30
30
8
44
30
30
44
44
30
8
8
8
16
16
16
8
8
16
30
8
30
22
44
44
30
16
30
8
16
30
44
44
44
16
30
8
16
8
16
44
