329.894 14.4907 
141.081 26.5418 
380.437 281.383 
183.509 188.16 
5.68441 216.78 
150.748 199.585 
37.6074 250.125 
185.44 209.998 
176.292 150.735 
147.985 45.828 
277.926 177.987 
33.8903 269.575 
177.618 279.029 
193.652 111.879 
133.357 281.971 
323.037 190.52 
133.441 48.7908 
21.2605 32.1443 
150.508 282.682 
393.471 47.9871 
17.4583 210.534 
364.684 55.6704 
105.02 112.281 
431.757 37.1001 
26.8419 89.0537 
218.012 103.835 
416.417 73.2752 
346.984 11.4182 
152.544 177.161 
434.674 137.419 
132.569 10.4918 
194.508 89.8667 
38.57 155.896 
228.32 44.5825 
218.313 275.148 
133.735 185.065 
387.523 80.0982 
33.618 289.059 
227.139 17.7336 
155.841 159.701 
405.001 206.008 
149.195 65.6354 
103.265 138.423 
306.96 79.1233 
284.346 211.938 
202.892 273.666 
367.29 7.58494 
202.461 289.373 
230.655 287.412 
14.7173 198.884 
