13
13
13
33
33
33
13
13
13
13
40
49
15
49
40
49
40
13
33
13
13
13
13
40
40
22
40
40
40
4
4
22
40
22
22
4
4
40
40
4
22
4
4
40
22
22
4
22
35
35
40
4
35
40
40
40
15
4
4
33
33
13
13
13
13
22
35
35
40
15
15
22
4
35
4
22
40
4
4
22
4
22
4
35
40
35
4
4
22
4
15
40
40
4
4
4
40
40
40
15
22
4
22
40
15
40
4
40
22
15
40
4
40
4
40
22
35
15
15
22
22
22
4
40
15
15
40
4
40
22
40
22
15
4
15
35
35
35
15
4
15
4
22
15
15
22
49
40
15
40
40
15
4
49
22
22
13
13
13
22
22
22
4
35
49
22
4
40
4
40
22
4
40
4
4
40
49
35
35
4
4
22
40
40
35
15
15
49
37
40
40
22
35
4
35
35
22
35
15
35
40
35
37
4
4
22
22
40
22
40
40
15
35
22
4
40
22
22
4
22
15
15
22
35
15
37
4
4
4
4
22
49
4
40
22
22
15
40
22
4
4
40
22
4
22
4
40
15
22
22
49
40
15
35
40
40
22
33
33
13
33
33
22
35
35
15
15
15
15
35
35
35
40
37
35
37
37
4
15
49
4
15
35
22
37
15
49
4
37
4
15
37
15
49
49
37
49
35
37
4
15
22
4
22
35
15
35
15
37
49
49
15
22
15
37
15
49
37
15
49
22
15
15
49
37
15
15
35
15
37
49
35
15
49
49
37
49
35
37
13
13
33
33
23
37
35
37
37
23
35
37
37
37
43
3
37
37
43
3
23
3
7
3
43
37
3
43
23
43
43
23
43
23
43
37
3
37
43
37
7
43
3
13
13
13
33
3
23
23
23
3
37
43
37
43
37
37
23
43
43
43
3
43
43
3
43
23
3
43
3
23
43
43
23
37
23
7
3
43
23
7
7
23
23
23
7
43
23
23
23
43
3
7
23
23
3
43
23
23
33
33
13
13
13
33
23
43
3
23
23
23
7
23
43
7
23
23
43
23
3
43
23
23
23
23
3
43
23
3
3
43
3
23
23
23
23
7
23
43
7
3
23
3
7
3
7
3
7
7
3
23
7
7
7
23
43
7
43
33
13
3
23
3
7
7
43
7
7
23
3
23
7
3
43
7
7
23
43
3
7
23
2
23
7
7
3
7
2
23
7
7
7
7
7
2
23
7
7
2
7
23
7
23
2
23
7
23
2
23
2
7
23
7
7
7
2
23
7
7
39
23
23
7
7
7
39
7
39
2
39
2
13
13
33
13
13
23
7
7
39
2
2
7
23
2
7
39
39
2
2
23
39
19
39
7
19
2
7
2
2
7
17
19
17
7
39
19
7
2
39
39
39
2
19
7
2
39
2
39
2
2
7
2
19
19
39
19
2
2
19
19
19
39
19
2
39
2
2
19
2
2
16
33
13
33
39
19
2
19
19
19
2
19
39
17
19
17
39
19
2
39
19
2
19
39
19
2
39
19
2
39
19
19
19
2
19
2
39
39
19
2
2
19
17
19
2
17
39
39
19
2
19
17
19
2
2
2
19
19
39
17
39
2
19
17
19
17
2
39
19
19
2
19
39
19
25
17
19
19
33
13
33
39
19
17
19
25
17
25
39
25
17
19
17
19
46
17
46
19
25
19
25
25
19
25
19
25
19
46
19
19
19
25
46
25
25
19
25
19
19
46
19
46
16
16
13
33
25
25
17
17
19
19
46
25
25
25
25
46
25
25
46
19
17
25
36
17
46
19
17
46
46
46
36
46
46
25
25
46
36
17
46
36
46
13
33
16
13
16
17
17
36
46
17
36
25
25
36
46
36
36
46
46
46
46
46
36
13
16
13
36
36
36
36
36
36
46
36
46
36
36
36
46
32
36
36
9
9
9
9
45
9
45
9
9
9
9
9
45
9
45
9
9
9
6
16
13
33
16
9
45
45
9
45
9
9
9
45
45
9
45
48
9
6
9
48
48
6
45
6
9
48
9
6
6
9
48
45
5
33
16
32
45
48
45
45
5
9
6
5
48
48
48
9
6
48
48
9
6
45
45
45
30
45
5
5
6
48
48
45
48
6
48
45
5
45
30
30
48
30
45
48
6
48
45
5
45
30
48
45
30
48
33
48
48
6
6
45
48
30
5
48
45
30
48
5
30
30
5
6
6
6
10
10
10
6
6
10
10
45
10
5
30
30
5
10
10
45
30
10
30
30
30
10
5
26
10
6
10
30
32
13
32
13
33
32
16
5
5
5
10
30
6
5
6
5
10
45
47
30
5
10
10
47
10
6
10
30
10
10
5
30
5
10
10
47
10
18
30
10
18
18
26
18
10
10
10
10
26
33
32
24
18
18
18
10
10
18
18
47
47
29
18
47
47
29
18
47
47
18
24
18
18
29
29
18
26
26
29
42
18
47
47
33
13
32
18
29
26
26
29
18
18
18
42
47
47
47
18
18
47
42
42
18
47
29
24
47
29
29
18
26
21
18
18
18
47
41
21
42
24
18
24
47
41
24
29
26
29
24
41
21
18
21
24
24
47
18
42
18
24
21
42
42
41
29
29
41
24
24
13
33
32
33
41
21
41
24
24
18
21
21
24
29
41
47
18
24
41
24
24
41
24
21
42
18
24
41
21
41
24
21
42
41
41
21
24
41
21
41
42
42
41
24
41
41
41
41
38
33
13
13
24
24
42
24
41
41
41
42
24
24
41
24
42
24
41
24
24
24
42
24
24
24
24
41
42
24
24
42
24
24
24
24
24
32
13
24
42
24
42
24
24
42
24
24
24
50
50
50
44
24
44
38
32
33
33
13
44
8
44
8
24
8
24
24
50
44
8
8
8
24
50
8
8
24
50
8
50
24
24
44
44
44
50
8
24
8
8
50
44
44
44
24
8
44
28
50
8
24
24
8
44
24
28
38
38
33
32
32
27
50
8
44
50
8
8
24
44
8
44
50
50
28
44
8
28
8
8
44
12
44
28
28
28
44
28
12
44
44
8
8
12
28
28
28
50
24
8
12
28
8
44
28
27
8
8
50
12
28
50
8
8
27
44
44
12
27
50
44
33
32
33
33
28
27
44
12
50
12
28
12
44
12
12
44
8
12
12
12
27
8
44
28
27
8
12
28
27
31
44
12
28
27
27
12
11
11
27
12
27
44
44
31
12
27
12
11
27
12
12
27
27
11
12
12
27
27
27
27
11
38
13
32
38
38
32
38
27
12
12
11
31
11
12
1
11
12
11
12
31
20
20
12
31
27
20
20
20
11
31
31
12
27
31
31
11
1
20
12
1
11
14
14
20
11
20
20
31
20
31
14
1
31
13
13
13
13
13
32
13
32
20
20
27
31
11
11
1
20
14
27
14
14
14
11
27
20
1
20
1
1
31
31
20
11
20
11
11
20
11
20
31
31
27
11
14
27
27
1
34
34
1
14
11
14
14
11
20
34
34
1
20
14
14
14
14
11
1
34
14
20
14
1
14
14
33
33
38
38
33
13
13
38
13
1
20
1
14
20
31
14
14
1
34
27
20
1
11
27
1
20
14
14
1
14
31
34
1
11
14
31
34
11
14
11
14
14
14
14
