3
3
3
11
11
11
3
3
3
3
7
34
34
34
7
34
7
3
9
3
3
3
3
7
7
29
7
7
7
46
47
29
7
29
29
47
46
7
7
47
29
47
47
7
29
29
47
29
21
21
7
46
21
7
47
7
46
47
46
11
9
3
3
3
3
29
21
21
7
46
46
29
47
21
47
29
7
47
47
29
46
29
46
21
7
21
47
47
29
47
46
7
7
46
46
47
7
7
7
46
29
47
29
47
46
7
46
7
29
46
7
47
7
47
47
29
21
46
46
29
29
29
47
7
46
46
7
47
7
29
7
29
46
47
25
21
21
21
46
47
46
47
29
46
46
29
29
7
46
7
7
46
47
29
29
29
3
3
3
29
29
29
27
21
29
29
46
7
46
7
29
27
7
27
46
27
10
21
21
27
46
29
7
27
21
25
25
29
29
7
27
29
21
27
21
21
29
21
46
21
7
21
29
46
46
29
29
27
29
27
7
25
21
29
27
27
29
29
27
29
25
46
29
21
25
29
27
27
27
27
29
29
27
27
29
29
25
7
29
27
27
27
29
46
29
27
27
25
29
29
10
27
25
21
27
7
29
11
9
3
11
11
29
21
21
25
25
25
25
21
21
21
27
29
21
29
29
27
25
10
27
25
21
29
29
25
10
27
29
27
25
29
25
10
10
29
10
21
29
27
25
29
27
29
21
25
21
25
29
10
10
25
29
25
29
25
10
29
25
10
37
25
25
10
10
25
25
17
25
29
10
17
25
10
10
10
10
17
29
3
3
11
11
37
10
17
10
10
45
17
29
10
10
10
17
10
10
10
17
37
17
44
17
10
45
17
10
45
10
10
37
10
37
10
45
17
45
10
45
44
10
17
3
3
3
11
17
45
37
45
17
45
10
10
10
45
45
37
10
10
10
17
10
10
17
10
37
17
10
17
37
10
10
37
45
37
42
17
10
37
42
44
45
45
37
44
10
37
37
45
10
17
44
45
37
17
10
37
37
11
9
3
3
3
11
45
10
17
45
45
45
44
37
10
44
37
45
10
37
17
10
37
45
37
45
35
10
45
35
35
10
35
45
37
45
45
44
45
10
44
35
37
35
44
35
44
35
44
44
35
45
42
42
44
37
10
44
45
11
3
35
45
35
44
44
45
42
42
45
35
37
42
35
45
42
44
45
42
35
44
37
35
45
44
44
35
44
35
37
44
42
44
44
44
35
37
44
44
35
42
37
44
45
35
37
44
45
35
45
35
42
37
44
42
42
35
37
44
42
20
37
45
44
44
42
20
44
20
35
20
35
3
3
11
3
3
37
44
42
20
35
35
42
37
35
44
20
20
4
35
37
20
42
20
42
42
35
44
35
4
44
20
42
20
42
20
42
44
35
20
20
20
35
42
44
35
20
35
20
35
4
44
4
22
42
20
42
4
4
22
42
42
20
42
35
20
4
4
22
4
50
3
9
3
9
20
22
4
22
22
22
4
42
20
20
22
20
20
42
4
20
22
50
22
20
22
50
20
22
4
20
22
22
22
50
22
50
20
20
22
4
4
42
20
22
4
20
20
20
22
50
22
20
22
4
4
4
22
22
15
20
20
50
42
20
42
20
4
20
22
22
4
22
20
22
50
20
22
22
11
3
9
20
22
20
22
4
20
50
20
4
12
22
20
22
15
12
15
22
50
22
4
50
22
4
22
50
22
15
22
22
22
50
15
50
50
22
50
22
22
15
22
15
3
3
3
11
50
50
12
12
22
22
15
50
50
50
50
15
50
50
15
22
12
50
12
12
15
22
12
15
15
15
12
15
15
50
50
15
12
12
15
12
15
3
11
3
9
3
12
12
15
15
12
12
50
50
15
15
15
12
15
15
15
15
15
12
9
3
3
12
15
12
12
12
12
15
12
15
12
15
15
15
3
15
12
43
2
43
2
2
2
2
2
43
2
43
43
2
2
2
43
43
43
16
3
3
9
3
43
40
2
2
2
2
2
43
40
2
43
40
49
43
16
43
49
49
43
40
16
43
49
43
16
16
2
49
2
33
9
3
3
40
33
40
2
33
43
16
33
33
49
49
43
16
49
49
43
16
8
8
40
18
8
33
33
16
49
49
8
33
16
49
8
33
40
18
49
33
18
8
49
1
49
40
33
8
18
49
8
18
33
11
49
49
16
16
8
49
18
33
49
8
18
49
33
18
18
33
1
1
1
38
38
38
1
1
38
38
8
38
33
18
18
33
38
38
8
18
38
18
18
18
38
24
1
38
1
38
18
3
3
3
9
9
3
3
24
24
38
38
18
1
24
1
24
38
8
23
18
24
38
38
23
38
1
38
18
38
38
24
18
24
38
38
23
38
24
18
38
24
24
1
24
38
38
38
38
1
9
3
41
24
24
24
38
26
24
24
23
23
26
24
23
23
26
24
23
23
24
41
24
24
26
26
24
6
6
26
39
24
23
6
9
9
3
14
26
6
6
26
14
31
14
39
23
23
23
14
14
23
39
39
14
23
26
41
6
26
26
31
6
30
14
14
14
30
31
30
39
41
14
41
6
31
41
26
6
26
41
31
30
14
30
41
41
30
14
39
14
41
30
39
39
31
26
26
31
41
41
9
9
3
11
31
30
31
41
41
14
30
30
41
26
31
6
14
41
31
41
41
31
41
30
39
14
41
31
30
14
41
30
39
31
31
30
41
31
30
31
39
39
31
41
31
31
31
31
3
11
9
9
41
41
39
41
31
31
31
39
41
41
31
41
39
41
31
41
41
41
39
41
41
41
41
14
39
41
41
39
41
41
41
41
41
3
9
32
39
41
39
32
32
39
32
32
32
19
19
19
13
32
13
3
3
11
11
9
13
36
13
36
32
36
32
32
19
13
36
36
36
32
19
36
36
32
19
36
19
32
32
13
13
13
19
36
32
36
36
19
13
13
13
32
36
5
28
19
36
32
32
36
13
32
28
3
3
11
3
3
28
19
36
5
19
36
36
32
5
36
13
19
19
28
13
36
28
36
36
13
48
5
28
28
28
13
28
48
5
5
36
32
48
28
28
28
19
32
36
48
28
48
5
28
28
36
32
19
48
28
19
36
36
28
5
5
48
28
19
5
11
3
11
9
28
28
5
48
19
48
28
48
5
48
48
5
36
48
48
48
28
36
5
28
28
48
48
28
28
19
5
5
28
28
28
48
5
5
28
48
28
5
5
19
48
28
5
5
28
48
48
28
28
5
48
48
28
28
28
28
5
3
9
3
3
3
3
3
28
48
5
5
19
5
48
28
5
5
5
48
