298.484 213.591 
269.978 183.177 
22.3623 236.06 
212.751 274.901 
383.222 77.9525 
323.158 203.833 
132.55 11.3353 
290.019 174.187 
28.132 118.504 
167.277 155.412 
21.8959 37.4497 
242.105 46.3156 
366.425 66.5246 
327.496 96.5145 
240.376 15.6869 
282.041 221.397 
169.675 281.255 
295.959 58.2073 
371.178 283.628 
210.285 30.6356 
142.48 282.073 
218.716 100.904 
315.033 188.721 
309.167 94.1814 
151.555 63.438 
321.918 60.816 
147.345 28.5496 
381.105 216.097 
143.043 184.399 
330.962 183.444 
334.571 77.69 
363.533 8.19105 
287.205 92.6206 
104.142 125.352 
195.432 283.96 
369.844 42.639 
182.986 209.47 
302.083 74.4448 
336.276 278.38 
279.87 163.561 
337.082 13.2582 
199.921 115.454 
273.193 200.143 
191.813 92.4437 
181.69 187.471 
136.593 53.6149 
132.814 34.8852 
383.026 53.3356 
285.036 76.5168 
226.393 287.507 
