181.476 102.821 
179.464 213.79 
19.7107 38.4144 
130.645 180.035 
333.961 74.054 
214.451 279.176 
132.523 11.0665 
358.072 283.506 
203.042 114.938 
282.373 167.299 
210.285 30.6356 
318.171 196.988 
185.741 272.046 
364.171 54.8337 
337.068 21.1596 
306.288 95.4438 
288.464 73.4141 
198.421 288.461 
240.376 15.6869 
284.431 186.155 
242.105 46.3156 
147.213 67.2163 
158.674 159.379 
219.628 101.263 
325.424 93.2258 
138.328 283.318 
304.097 56.3012 
196.908 89.7671 
346.713 9.47131 
142.512 28.1971 
231.976 287.061 
27.1475 118.834 
268.796 192.606 
332.093 277.296 
178.738 175.61 
177.325 146.632 
19.4807 230.307 
178.395 195.347 
328.416 183.372 
362.726 7.70678 
149.813 175.91 
284.623 90.2493 
195.435 201.156 
367.981 203.551 
326.072 9.50968 
146.684 197.583 
289.73 216.538 
159.385 282.805 
136.728 48.5368 
304.665 72.7703 
