287.848 170.245 
149.784 199.285 
177.312 145.924 
192.769 96.518 
131.662 272.719 
16.2538 34.9567 
29.0015 269.008 
149.51 63.2326 
319.146 61.3804 
178.871 178.408 
286.619 92.0093 
185.578 204.829 
302.226 214.261 
142.625 5.52422 
307.923 97.3593 
24.9396 288.525 
30.3872 255.446 
139.181 181.785 
211.787 29.3406 
134.807 48.4028 
215.284 106.153 
272.373 194.727 
141.219 288.867 
319.871 190.586 
281.297 218.915 
148.709 35.6367 
180.15 278.943 
243.521 29.5583 
105.115 16.7008 
217.383 290.97 
285.413 76.3456 
11.0124 214.719 
325.176 11.9848 
18.7223 199.927 
157.135 163.271 
163.988 286.948 
191.408 270.424 
324.869 278.625 
150.988 273.67 
199.39 289.062 
295.371 58.0821 
301.899 75.1668 
234.693 284.853 
130.221 11.8145 
23.8738 106.051 
214.494 275.255 
104.142 125.352 
323.601 87.8008 
269.731 173.922 
138.821 24.9244 
