405.768 189.222 
206.539 283.105 
179.768 279.27 
138.91 38.4367 
294.097 95.2836 
288.082 217.722 
192.424 99.1606 
370.879 40.8048 
271.366 195.528 
302.444 73.8017 
399.85 85.3302 
385.119 55.7456 
19.3482 193.179 
408.489 65.4013 
144.894 62.1466 
25.8081 284.111 
223.345 48.1779 
319.416 94.0638 
216.252 104.362 
402.015 44.7448 
331.554 182.288 
140.494 189.059 
183.745 201.552 
345.102 11.5732 
229.284 284.421 
316.416 208.945 
390.765 223.059 
376.549 209.816 
322.612 60.4204 
295.551 58.5982 
399.366 284.417 
33.0969 254.815 
24.262 60.108 
409.628 274.815 
144.596 282.302 
248.778 36.7436 
159.705 173.786 
38.7556 284.76 
208.617 23.9816 
135.503 13.7939 
335.951 78.523 
336.276 278.38 
176.761 152.467 
372.646 72.4897 
281.688 172.153 
238.7 13.8314 
318.151 190.686 
284.937 79.0654 
145.445 155.709 
368.578 283.438 
