32
32
32
6
6
6
32
32
32
32
29
47
47
47
29
47
29
32
45
32
32
32
32
44
44
18
44
44
44
20
50
18
44
18
18
20
20
44
44
50
18
20
20
44
18
2
20
18
23
5
44
20
5
44
50
44
20
20
20
6
45
34
32
34
34
18
23
5
44
20
20
18
50
5
50
18
50
20
20
18
20
18
20
5
50
23
50
50
18
50
8
44
44
20
20
50
44
50
50
20
18
20
18
50
8
44
20
44
18
20
50
50
44
20
50
18
23
20
20
18
18
18
20
44
20
8
14
20
44
18
44
18
20
50
8
5
23
23
20
20
20
20
2
20
8
18
35
14
20
14
14
20
50
18
2
2
32
34
34
18
18
18
50
23
18
18
20
14
20
14
18
26
14
50
20
50
35
23
23
26
20
2
14
50
23
8
8
18
18
14
50
2
23
50
23
23
2
39
8
39
14
23
18
20
20
18
18
50
18
50
14
8
23
18
26
50
18
2
26
18
8
8
2
23
8
18
50
26
26
26
2
35
26
50
18
18
8
14
2
26
26
50
2
26
2
26
50
8
18
18
35
50
8
39
50
14
2
6
45
32
6
6
2
39
23
8
8
8
8
39
23
39
50
35
39
18
35
26
8
35
26
8
39
2
18
8
35
26
18
26
8
35
8
35
35
35
35
39
18
26
8
2
26
2
39
8
36
8
2
35
35
8
2
8
35
8
35
35
8
35
2
8
8
35
35
8
8
36
8
35
35
36
8
35
35
35
35
36
35
34
34
6
6
2
35
39
35
35
2
36
35
35
35
3
36
35
35
35
36
2
36
4
36
3
10
36
3
2
3
3
12
35
12
35
10
36
10
35
10
4
35
36
34
32
34
6
36
10
12
12
36
10
10
10
3
10
10
12
3
3
3
27
3
3
27
3
12
27
3
27
12
3
10
12
10
12
4
27
3
12
4
4
10
12
12
4
3
12
12
10
10
27
4
12
12
27
3
12
12
6
45
34
32
34
6
10
3
27
10
12
12
4
12
3
4
12
12
10
12
37
3
12
10
12
10
27
3
12
37
37
3
27
10
12
12
10
4
10
3
4
27
12
37
4
37
4
27
4
4
37
12
4
3
4
12
3
4
10
6
32
40
12
37
4
4
10
4
4
12
40
12
4
37
10
4
4
12
3
37
4
12
40
12
4
4
37
4
40
12
4
4
4
4
4
40
12
4
4
40
4
12
4
12
40
12
4
10
40
12
40
21
12
4
4
21
40
12
4
4
19
12
12
4
4
21
19
4
19
40
19
37
32
34
6
34
32
12
4
21
19
40
40
4
12
40
4
19
19
37
40
12
19
21
19
21
21
40
4
40
37
4
19
21
19
4
19
21
4
40
19
19
19
40
21
4
40
19
40
19
40
46
4
46
4
21
19
21
46
46
21
21
21
19
21
40
19
46
46
21
46
30
16
45
34
45
19
21
46
21
21
4
46
21
19
19
4
19
19
21
30
19
21
30
21
19
21
30
19
21
46
19
21
21
21
30
21
30
19
19
21
46
46
21
19
21
30
19
19
19
21
30
21
19
21
46
46
46
21
21
19
19
19
30
21
19
21
19
46
19
21
21
46
21
19
21
30
19
21
21
6
34
45
19
21
19
21
46
19
46
19
46
19
21
19
21
19
19
19
21
30
21
46
46
21
46
21
30
21
19
21
21
21
30
19
30
30
21
43
21
21
28
21
28
16
16
34
6
43
43
28
28
21
21
28
43
43
43
43
28
43
43
28
21
28
43
28
28
28
21
28
28
28
28
28
28
28
43
43
28
28
28
28
28
28
34
6
16
45
16
28
28
28
28
28
28
43
43
28
28
28
28
28
28
28
28
28
28
45
16
34
28
28
28
28
28
28
28
28
28
28
28
28
28
7
28
28
22
22
22
49
49
22
49
22
22
22
25
22
49
22
49
22
22
22
25
7
34
45
7
22
49
49
22
49
22
22
22
49
49
22
49
31
22
25
22
31
31
25
1
25
22
31
22
25
25
22
31
22
11
45
7
7
1
11
1
22
11
22
25
11
11
31
31
22
25
31
31
22
25
1
1
1
41
1
11
11
25
31
31
1
11
25
31
1
11
1
41
31
11
41
1
31
25
31
1
11
1
41
31
1
41
11
6
31
31
25
25
1
31
41
11
31
1
41
31
11
41
41
11
13
13
13
31
42
42
13
13
42
42
1
42
15
41
41
11
42
42
1
41
42
41
41
41
42
15
13
42
13
42
41
32
34
17
34
45
17
16
15
15
42
42
41
13
15
13
15
42
1
24
41
15
42
42
24
42
13
42
41
42
42
15
41
15
42
42
24
42
15
9
42
15
15
13
15
9
9
42
42
13
45
7
33
15
15
15
42
9
15
15
24
24
9
15
24
24
9
48
24
24
15
33
48
48
9
9
48
24
13
9
38
48
24
24
45
45
7
15
9
24
13
9
48
48
48
38
24
24
24
15
48
24
38
38
48
24
9
33
24
9
9
48
24
24
48
48
48
24
48
24
38
33
48
33
24
48
33
9
24
9
33
48
24
48
24
33
33
24
48
38
48
33
24
38
38
48
9
9
48
33
33
