37
37
37
3
3
3
37
37
37
37
7
4
22
4
7
22
7
37
32
37
37
37
37
7
7
4
7
7
7
49
30
4
7
4
4
49
49
7
7
30
4
49
49
7
4
46
49
4
26
26
7
49
26
7
30
7
49
49
49
3
32
37
37
37
37
4
26
26
7
49
49
4
30
26
30
4
7
49
49
4
49
4
49
26
7
26
30
30
4
30
22
7
7
49
49
30
7
7
30
49
4
49
4
30
22
7
49
7
4
49
7
30
7
49
30
4
26
49
49
4
4
4
49
7
49
22
7
49
7
4
7
4
49
30
22
26
26
26
49
49
49
49
46
49
22
4
41
7
49
7
7
49
30
41
46
46
37
37
37
4
4
46
30
26
41
46
49
7
49
7
46
30
7
30
49
30
23
26
26
30
49
46
7
30
26
22
22
41
41
7
30
46
26
30
26
26
46
26
49
26
7
26
41
49
49
41
41
30
46
30
7
22
26
41
30
30
41
46
30
41
22
49
46
26
22
41
30
49
30
30
46
41
30
30
41
41
49
7
46
30
30
30
46
49
46
30
30
22
41
41
23
30
22
48
30
7
46
3
32
37
3
3
46
48
48
22
49
22
22
48
48
48
30
41
48
41
41
30
22
23
30
22
48
46
41
22
23
49
41
30
22
41
22
23
23
41
23
48
41
30
22
46
30
46
48
22
48
22
41
23
23
22
46
22
41
22
23
41
22
23
46
22
22
23
23
22
22
48
22
41
23
48
22
23
23
23
23
48
41
37
37
3
3
2
23
48
23
23
46
48
41
41
23
36
48
23
23
23
48
38
48
1
48
23
35
48
36
38
36
36
2
23
2
23
35
48
35
23
35
1
23
48
37
37
37
3
48
38
2
38
48
35
35
35
36
35
35
2
36
36
36
13
36
36
48
36
2
13
36
13
2
36
35
38
35
38
1
13
36
38
1
1
38
38
2
1
36
38
2
38
35
13
1
38
2
13
36
38
2
3
32
37
37
37
3
38
36
13
35
38
38
1
2
36
1
2
38
35
2
13
36
2
38
2
35
13
36
38
13
13
36
18
38
38
38
35
28
35
36
1
18
2
13
28
13
28
18
1
1
13
43
1
9
28
43
36
28
35
3
37
18
43
13
28
28
35
9
9
43
18
2
1
13
35
9
28
43
36
13
1
2
18
43
28
28
13
28
18
43
28
9
28
28
28
18
2
28
28
18
9
43
28
43
18
43
28
35
18
43
18
9
43
28
9
9
18
43
28
9
11
43
43
28
28
9
11
28
11
18
11
18
37
37
3
37
37
43
28
9
11
18
18
9
43
18
28
11
11
13
18
43
11
9
11
9
9
18
28
18
13
28
11
9
11
9
11
9
28
18
11
11
11
18
9
28
18
11
18
11
18
6
28
6
28
9
11
9
6
6
24
9
9
11
9
18
11
6
6
24
6
18
37
32
37
32
11
24
6
24
24
28
6
9
11
11
28
11
11
9
6
11
24
6
24
11
24
6
11
24
6
11
9
24
24
6
24
6
11
11
9
6
6
9
11
24
6
11
11
11
24
6
24
11
24
6
6
6
24
24
19
11
11
6
9
11
9
11
6
11
24
24
6
24
11
24
6
11
24
24
3
37
32
11
24
11
24
6
11
6
11
6
21
24
11
24
19
21
19
24
31
24
6
6
24
6
24
31
24
19
24
24
24
31
19
31
31
24
31
24
24
19
24
19
37
37
37
3
31
31
21
21
24
24
19
31
31
31
31
19
31
31
19
24
21
31
21
21
19
24
21
19
19
19
21
19
19
31
31
19
21
21
19
21
19
37
3
37
32
37
21
21
19
19
21
21
31
31
19
19
19
21
19
19
19
19
19
21
32
37
37
21
19
21
21
21
21
19
21
19
21
19
19
19
37
19
21
33
33
33
33
10
33
33
33
33
33
33
33
33
33
33
33
33
33
47
37
37
32
37
33
10
33
33
10
33
33
33
10
10
33
10
42
33
47
33
17
17
47
10
47
20
42
47
47
47
20
17
20
42
32
37
37
10
42
10
20
42
20
47
42
42
42
17
20
47
17
42
20
47
10
10
10
17
20
42
42
47
17
17
20
42
47
17
20
42
10
27
17
42
27
20
17
47
17
10
42
10
17
17
10
17
42
3
17
17
47
47
20
17
17
42
17
10
27
17
42
27
27
42
47
47
47
17
17
17
47
47
17
17
20
17
16
27
27
16
50
50
10
50
50
27
27
27
50
16
47
50
47
50
27
37
37
37
32
32
37
37
16
16
16
50
27
47
16
47
16
50
10
12
27
16
50
50
12
50
47
50
27
50
50
16
27
16
50
50
12
50
16
27
50
16
16
47
16
50
50
50
50
47
32
37
45
16
16
16
50
50
16
16
39
12
27
16
12
12
27
16
12
12
16
45
25
25
50
27
25
12
12
27
34
25
39
12
32
32
37
25
27
12
12
5
25
25
25
34
39
39
12
25
25
12
34
34
25
12
27
45
12
27
5
25
12
39
25
25
25
39
25
39
34
45
25
45
12
5
15
5
12
5
45
5
39
25
39
45
45
39
25
34
25
15
39
34
34
5
5
5
5
45
45
32
32
37
3
5
39
5
45
45
25
39
39
45
5
5
12
25
15
5
15
15
5
15
39
34
25
15
5
39
25
15
39
34
5
5
39
15
5
39
5
34
34
5
29
5
5
5
5
37
3
32
32
15
29
34
15
5
5
5
34
29
29
5
15
34
15
5
29
29
29
34
29
15
29
29
25
8
29
15
8
29
29
29
29
29
37
32
29
8
29
8
29
29
8
29
40
40
8
8
8
14
40
14
37
37
3
3
32
14
14
14
14
40
14
40
40
8
14
14
14
14
40
8
14
14
40
8
14
8
40
40
14
14
14
8
14
40
14
14
8
14
14
14
40
14
14
44
8
14
40
