39
39
39
6
6
6
39
13
39
39
29
37
8
37
29
37
29
13
9
39
39
39
39
29
29
37
29
29
29
8
29
37
29
37
37
29
8
29
29
29
37
29
8
29
37
7
29
37
2
2
29
8
2
29
29
29
8
8
8
9
9
13
39
13
13
37
2
2
29
8
8
37
29
2
29
37
29
8
29
37
8
37
8
2
29
2
29
29
37
29
8
29
29
8
8
29
29
29
29
8
37
8
37
29
8
29
8
29
37
8
29
29
29
8
29
37
2
8
8
37
37
37
8
29
8
8
29
8
29
37
29
37
8
29
8
2
2
2
8
8
8
8
7
8
8
37
1
29
8
29
29
8
29
1
7
7
39
13
13
37
37
7
29
2
1
7
8
29
8
29
7
29
29
29
8
29
1
2
2
29
8
7
29
29
2
8
8
1
1
29
29
7
2
29
2
2
7
2
8
2
29
2
1
8
8
1
1
29
7
29
29
8
2
1
8
29
1
7
29
1
8
8
7
2
8
1
29
8
8
29
7
1
8
29
1
1
8
29
7
29
29
29
7
8
7
8
29
8
1
1
1
29
8
2
29
29
7
6
9
13
6
6
7
2
2
8
8
8
8
2
2
2
29
1
2
1
1
8
8
1
29
8
2
7
1
8
24
8
1
8
8
1
8
1
24
1
24
2
1
29
8
7
29
7
2
8
47
8
1
24
24
8
7
8
1
8
24
1
8
24
7
8
8
24
24
8
8
47
8
1
44
47
8
24
24
24
24
47
1
13
13
6
6
38
24
47
24
24
7
47
1
24
24
44
47
24
24
24
47
7
47
40
47
44
24
47
44
7
44
44
38
24
38
24
24
47
24
24
36
40
24
47
13
13
13
6
47
36
38
36
47
24
24
24
44
24
24
38
44
44
44
47
44
44
47
24
38
43
44
43
38
44
24
36
24
38
41
43
24
36
41
40
36
36
38
40
44
36
38
36
24
43
40
36
38
43
44
38
38
6
9
13
39
13
6
36
44
43
36
36
36
40
38
44
40
38
36
24
38
43
44
38
36
38
36
43
44
36
43
43
44
43
36
36
36
36
40
36
44
40
43
38
43
40
43
40
43
40
40
43
36
41
41
40
36
44
40
36
6
39
45
36
43
40
40
36
41
41
36
45
38
41
43
36
41
40
36
44
43
41
38
45
36
40
40
43
40
45
36
40
41
40
40
41
45
38
40
40
45
41
38
40
36
45
36
40
36
45
36
45
41
36
40
41
41
45
38
41
41
32
38
36
40
40
41
32
40
32
45
27
45
39
13
6
13
39
38
40
41
32
45
45
41
36
45
40
27
32
43
45
36
27
41
32
41
41
45
41
45
43
40
27
41
27
41
32
41
41
45
32
32
32
45
41
16
45
32
45
32
45
45
40
45
16
41
27
41
45
45
16
41
41
32
41
45
32
45
45
16
45
45
18
9
13
9
27
16
45
16
16
16
45
41
27
27
16
27
32
41
45
32
16
45
16
32
16
45
32
16
45
27
16
16
16
45
16
45
27
32
16
45
35
41
27
16
45
27
32
32
16
45
16
27
16
35
35
35
16
16
32
27
32
45
16
27
16
27
35
32
16
16
35
16
32
16
35
27
16
16
6
13
9
32
16
27
16
35
27
35
27
35
27
16
27
16
32
27
32
16
35
16
35
35
16
35
16
35
16
32
16
16
16
35
32
35
35
16
35
16
16
22
16
19
18
18
13
6
35
35
19
19
16
16
22
35
35
35
35
22
35
35
22
16
19
35
19
19
22
16
19
22
22
22
19
22
22
35
35
22
19
19
22
19
22
13
6
18
20
18
19
19
19
22
19
19
35
35
22
22
22
19
22
22
22
22
22
19
20
18
13
19
22
19
19
19
19
22
19
22
19
22
22
22
42
22
19
21
21
21
21
12
21
12
21
21
21
15
21
12
21
12
21
21
21
15
18
13
9
18
21
12
12
21
12
21
21
21
12
12
21
12
28
21
15
21
28
28
15
12
15
21
28
21
15
15
21
28
12
49
9
18
42
12
49
12
12
49
21
15
49
49
28
28
21
15
28
28
21
15
12
12
12
28
12
49
49
15
28
28
12
49
15
28
12
49
12
26
28
28
26
12
28
15
28
12
49
12
28
28
12
28
28
6
28
28
15
15
12
28
28
49
28
12
26
28
49
26
26
49
25
25
25
28
28
28
25
15
28
28
12
28
49
26
26
49
26
28
12
26
28
26
26
26
26
49
25
26
25
26
26
39
13
42
20
9
42
18
49
49
49
28
26
25
49
25
49
49
12
25
26
49
28
28
25
28
25
28
26
26
26
49
26
49
26
28
25
26
49
26
26
49
49
25
49
26
26
26
26
25
9
42
30
14
14
14
26
26
14
14
5
5
26
14
5
5
26
14
5
5
14
30
14
14
26
26
14
25
25
26
48
14
5
5
9
20
42
14
26
5
25
3
14
14
14
48
5
5
5
14
14
5
48
48
14
5
26
30
5
26
3
14
5
5
14
14
14
5
14
5
48
30
14
30
5
3
30
3
5
3
30
3
5
14
5
30
30
5
14
48
14
30
5
48
48
3
3
3
3
30
30
20
9
42
9
3
5
3
30
30
14
5
5
30
3
3
5
14
30
3
30
30
3
30
5
48
14
30
3
5
14
30
5
48
3
3
5
30
3
5
3
48
48
3
30
3
3
3
3
18
6
20
20
30
30
48
30
3
3
3
48
30
30
3
30
48
30
3
30
30
30
48
30
30
30
30
14
48
30
30
48
30
30
30
30
30
42
20
30
48
30
48
30
30
48
30
30
30
48
48
48
31
30
3
18
42
6
9
34
31
31
31
31
30
31
30
30
48
31
31
31
31
30
48
31
31
30
48
31
48
30
30
31
31
31
48
31
30
31
31
48
31
31
31
30
31
31
46
48
31
30
30
31
31
30
46
18
18
9
42
42
46
48
31
31
48
31
31
30
31
31
31
48
48
46
31
31
46
31
31
31
31
31
46
46
46
31
46
31
31
31
31
30
31
46
46
46
48
30
31
31
46
31
31
46
46
31
30
48
31
46
48
31
31
46
31
31
31
46
48
31
6
42
6
9
46
46
10
31
48
31
46
31
31
31
31
31
31
31
31
31
46
31
31
46
46
31
31
46
46
48
31
31
46
46
46
31
10
10
46
31
46
31
31
48
31
46
31
10
46
31
31
46
46
10
31
31
46
46
46
46
10
42
20
42
18
18
42
18
46
31
31
10
33
10
50
46
10
50
10
50
33
50
50
50
33
46
50
50
50
10
33
33
50
46
33
33
10
17
50
50
46
10
50
50
50
10
50
50
33
50
33
50
17
33
13
13
39
39
20
42
20
42
50
50
46
33
10
10
17
50
10
46
50
10
50
10
46
50
17
50
17
17
33
33
50
10
50
10
10
50
10
50
33
33
46
10
50
46
46
17
33
33
17
10
10
50
10
10
50
33
33
17
50
50
50
50
50
10
17
33
50
50
50
17
10
10
9
6
18
18
20
20
34
18
34
17
50
17
10
50
33
10
10
17
33
17
50
17
10
17
17
50
10
50
17
50
33
33
17
10
10
33
33
10
10
10
50
10
50
10
10
50
33
10
50
33
17
10
17
17
50
17
33
10
10
17
10
17
10
10
10
17
50
10
33
10
20
20
20
18
42
17
10
33
10
10
17
33
10
33
10
10
10
17
17
17
33
10
33
10
17
10
50
10
33
23
10
17
33
50
17
17
10
33
10
17
50
17
50
4
23
17
23
10
11
33
17
4
11
10
23
11
17
10
17
23
17
34
42
34
18
34
42
23
23
17
11
10
4
17
23
10
11
4
17
11
11
23
23
17
11
17
17
11
23
17
23
17
17
17
17
17
23
17
11
23
23
23
17
4
17
23
23
11
17
11
11
23
23
4
23
23
34
34
34
23
17
17
23
23
4
23
23
17
4
11
23
11
23
4
23
23
23
23
4
4
17
4
23
17
4
23
23
11
11
17
11
23
4
4
11
23
17
18
6
18
20
34
18
6
18
23
11
23
23
23
23
23
4
17
4
23
23
4
11
23
23
4
4
23
4
23
23
23
23
23
4
4
23
23
4
23
11
11
4
23
11
4
4
4
4
4
23
34
34
34
18
42
34
6
42
20
42
23
23
11
4
4
4
4
11
23
23
23
23
23
23
11
23
4
4
11
4
23
23
33
4
23
11
23
23
4
33
33
23
11
33
4
33
33
23
33
23
11
33
33
4
17
23
23
33
23
17
4
23
33
11
33
23
11
