5
5
5
18
18
18
5
21
5
5
31
43
23
43
31
23
31
21
25
21
21
21
5
31
31
36
31
31
31
17
2
36
31
36
36
17
17
31
31
2
36
17
17
31
36
36
17
36
15
15
31
17
15
31
2
31
17
17
17
25
25
50
21
50
50
36
15
15
31
17
17
36
2
15
2
36
2
17
17
36
17
36
17
15
2
15
2
2
36
2
42
31
31
17
17
2
31
31
2
17
36
17
36
2
42
31
17
31
36
17
31
2
31
17
2
36
15
17
17
36
36
36
17
31
17
42
31
17
31
36
31
36
17
2
42
15
15
15
17
17
17
17
36
17
42
36
40
31
17
31
31
17
2
40
6
6
21
50
21
36
36
36
2
15
29
36
10
31
10
31
36
2
31
2
10
2
40
19
19
2
10
6
31
2
19
42
42
29
29
31
2
6
19
2
19
19
6
19
10
19
31
19
29
10
10
29
29
2
6
2
31
42
19
29
10
2
29
6
2
29
42
10
6
19
42
29
2
10
10
2
6
40
10
2
29
29
10
31
6
2
2
2
6
10
6
10
2
42
29
29
40
2
42
19
2
31
6
18
25
21
18
18
6
19
19
42
10
42
42
19
19
19
2
29
19
29
29
10
42
40
2
42
19
6
29
42
40
10
29
10
42
29
42
40
40
29
40
19
29
2
42
6
2
6
19
10
19
10
29
40
40
42
6
42
29
42
40
29
42
40
6
42
42
40
40
42
42
19
42
29
40
19
10
40
40
40
40
19
29
50
50
18
18
6
40
19
40
40
6
19
29
29
40
9
19
29
40
40
13
6
13
32
13
9
29
13
9
6
9
9
8
40
8
40
29
13
29
9
4
14
9
13
50
21
50
18
13
4
8
4
13
4
9
9
9
4
4
8
9
9
9
13
9
9
13
9
8
13
9
13
8
9
9
4
4
8
14
13
9
4
14
32
4
4
8
14
9
8
8
4
9
13
14
4
8
13
9
8
8
18
25
50
21
50
18
4
9
13
4
4
4
32
8
9
32
8
4
9
8
13
9
8
4
8
4
13
9
4
13
13
9
13
4
8
4
4
32
4
9
14
13
8
13
32
13
32
13
32
14
13
4
14
14
32
8
9
32
4
18
21
48
4
46
32
32
4
14
14
4
48
8
14
46
4
14
32
4
9
46
14
8
48
4
32
32
46
32
48
8
32
14
32
32
14
48
8
32
32
48
14
8
32
4
48
8
32
4
48
4
48
14
8
32
14
14
48
8
14
14
39
8
4
32
32
14
39
32
39
48
34
46
5
50
18
50
21
8
32
14
39
48
48
14
8
48
32
34
39
46
48
8
34
14
39
14
14
48
32
48
46
32
34
14
34
14
39
14
32
48
39
39
39
48
14
32
48
39
48
39
48
46
32
46
32
26
34
14
46
46
26
26
26
39
26
48
39
46
46
26
46
48
38
25
21
25
34
26
46
26
26
32
46
26
34
34
32
34
39
26
48
39
26
48
26
39
26
48
39
26
35
34
26
26
26
48
26
48
34
39
26
35
35
26
34
26
35
34
39
39
26
48
26
34
26
35
35
35
26
26
39
34
39
49
26
34
26
34
35
39
26
26
35
26
39
26
49
34
26
26
18
21
25
39
26
34
26
35
34
35
39
35
34
26
34
26
39
34
39
26
49
26
35
35
26
35
26
49
26
39
26
26
26
49
39
49
49
26
49
26
26
39
26
39
38
38
50
18
49
49
34
34
26
26
39
49
49
49
49
39
49
49
39
26
34
49
34
34
39
26
34
39
39
39
34
39
39
49
49
39
34
34
39
34
39
21
18
38
33
38
34
34
39
39
34
34
49
49
39
39
39
34
39
39
39
39
39
34
33
38
21
34
39
34
34
34
34
39
34
39
34
39
39
39
12
39
34
45
11
11
11
11
11
11
11
45
11
45
45
11
11
11
11
45
45
45
12
21
25
12
45
11
11
11
11
11
11
45
11
11
11
11
44
45
45
45
44
44
45
11
45
11
44
45
45
45
11
44
11
44
25
12
12
11
44
11
11
44
11
45
44
44
44
44
45
45
44
44
45
45
11
11
11
44
11
44
44
45
44
44
11
44
45
44
11
44
11
44
44
44
44
11
44
45
44
11
44
11
44
44
11
44
44
18
44
44
45
45
11
44
44
44
44
11
44
44
44
44
44
44
45
45
45
44
44
44
45
45
44
44
11
44
44
44
44
44
44
44
11
44
44
44
44
44
44
44
45
44
45
44
44
5
50
7
33
25
7
38
44
44
44
44
44
45
44
45
44
44
11
16
44
44
44
44
16
44
45
44
44
44
44
44
44
44
44
44
16
44
44
44
44
44
44
45
44
44
44
44
44
45
25
12
1
44
44
44
44
44
44
44
16
16
44
44
16
16
44
44
16
16
44
1
44
44
44
44
44
16
16
44
3
44
16
16
25
33
12
44
44
16
16
44
44
44
44
3
16
16
16
44
44
16
3
3
44
16
44
1
16
44
44
44
16
16
44
44
44
16
44
16
3
1
44
1
16
44
1
44
16
44
1
44
16
44
16
1
1
16
44
3
44
1
16
3
3
44
44
44
44
1
1
33
25
7
25
44
16
44
1
1
44
16
16
1
44
44
16
44
1
44
1
1
44
1
16
3
44
1
44
16
44
1
16
3
44
44
16
1
44
16
44
3
3
22
28
44
22
22
44
12
18
33
33
1
28
3
1
22
22
22
3
28
28
22
28
3
28
44
28
28
28
3
28
28
28
28
44
3
28
28
3
28
28
28
28
28
7
33
28
3
28
3
28
28
3
28
28
28
3
3
3
22
47
22
12
12
18
25
33
22
22
22
22
47
22
47
47
3
22
22
22
22
47
3
22
22
47
3
22
3
47
47
22
22
22
3
22
47
22
22
3
22
22
22
47
22
37
41
3
22
47
47
22
22
47
41
38
38
25
7
7
41
3
22
37
3
22
22
47
37
22
22
3
3
41
22
22
41
22
22
37
22
37
41
41
41
22
41
22
37
37
20
47
22
41
41
41
3
47
20
22
41
22
37
41
41
20
47
3
22
41
3
20
20
41
37
37
22
41
3
37
18
12
18
25
41
41
37
22
3
20
41
20
37
20
20
37
20
20
20
20
41
20
37
41
41
20
20
41
41
3
37
37
41
41
41
20
37
37
41
20
41
37
37
3
20
41
37
37
41
20
20
41
41
37
20
20
41
41
41
41
37
12
33
12
38
38
7
12
41
20
37
37
3
37
20
41
37
37
37
20
3
20
20
20
3
41
20
20
20
37
3
3
20
41
3
3
37
41
20
20
41
37
20
20
20
37
20
20
3
20
3
20
41
3
50
50
5
5
33
7
33
7
20
20
41
3
37
37
41
20
27
41
27
27
27
37
41
20
41
20
41
41
3
3
20
37
20
37
37
20
27
20
3
3
41
37
20
41
41
41
3
3
41
27
27
27
27
27
20
3
3
41
20
27
27
27
27
27
41
3
27
20
27
41
27
27
25
18
38
38
33
33
33
38
33
41
20
41
27
20
3
27
27
41
3
41
20
41
27
41
41
20
27
27
41
27
3
3
41
27
27
3
3
27
27
27
27
27
27
27
27
27
3
27
27
3
41
27
41
41
27
41
3
27
27
41
27
41
27
27
27
41
24
27
3
27
33
33
33
38
12
41
27
3
27
27
41
3
27
3
27
27
27
41
41
41
3
27
3
27
41
27
27
27
3
30
27
41
3
24
41
41
27
3
27
41
27
41
27
24
30
41
30
27
24
3
41
24
24
27
30
24
41
27
41
30
41
33
7
33
38
33
7
30
30
41
24
27
24
41
30
27
24
24
41
24
24
30
30
41
27
41
41
24
30
41
30
41
41
41
41
41
30
41
24
30
30
30
41
24
41
30
30
24
41
24
24
30
30
24
30
30
33
33
33
30
41
41
30
30
