149.339 174.013 
142.128 281.75 
334.773 74.2809 
452.991 15.7646 
325.049 188.372 
24.2118 32.4179 
148.082 197.789 
142.612 55.2023 
26.8419 89.0537 
410.851 79.9117 
447.907 45.9839 
281.688 172.153 
16.3898 202.336 
322.308 93.9476 
282.134 219.112 
218.397 101.61 
425.305 199.416 
35.5501 285.632 
243.111 44.2299 
37.3642 144.925 
271.49 194.941 
243.888 16.4045 
449.885 130.782 
165.04 164.707 
303.954 209.601 
304.908 61.7996 
213.228 43.2606 
290.293 76.0645 
136.571 19.5827 
346.029 11.5443 
375.015 56.7713 
210.587 17.7405 
423.377 279.273 
43.8872 173.309 
226.882 281.833 
186.266 192.108 
129.783 177.763 
182.213 212.572 
9.79569 215.558 
190.528 91.0358 
198.982 112.621 
37.7491 256.196 
186.347 273.577 
176.1 145.569 
204.672 286.115 
384.666 217.159 
165.102 285.428 
353.232 280.844 
295.09 93.7525 
405.478 52.5943 
