20.1864 97.6728 
196.001 118.308 
104.142 125.352 
181.416 103.816 
197.299 288.261 
134.632 56.5445 
141.88 41.6756 
279.076 192.333 
193.866 87.8182 
242.105 46.3156 
136.447 175.783 
211.375 285.382 
210.733 114.013 
210.285 30.6356 
281.715 85.7944 
294.195 69.4047 
156.988 289.206 
205.773 101.552 
170.806 284.657 
25.6615 280.255 
224.869 110.227 
285.499 97.4716 
132.112 29.83 
140.07 288.773 
18.9157 202.515 
229.5 277.718 
16.2538 34.9567 
146.959 24.2977 
185.122 271.333 
293.84 84.2194 
151.848 62.728 
152.42 180.332 
211.633 268.46 
158.137 160.529 
229.912 291.426 
220.341 93.6239 
24.8309 148.879 
139.332 194.352 
131.662 272.719 
180.237 179.484 
139.271 8.05655 
283.549 74.0653 
240.376 15.6869 
293.481 57.0003 
176.837 147.454 
122.88 13.4194 
173.061 206.789 
11.3939 213.867 
150.988 273.67 
192.116 203.147 
