6
6
6
17
17
17
6
6
6
6
14
5
5
5
14
5
14
6
17
6
6
6
6
14
14
49
14
14
14
9
32
49
14
49
49
32
9
14
14
32
49
32
9
14
49
2
32
49
15
15
14
9
15
14
32
14
9
9
9
17
17
6
6
6
6
49
15
15
14
9
9
49
32
15
32
49
14
9
32
49
9
49
9
15
14
15
32
32
49
32
9
14
14
9
9
32
14
14
14
9
49
32
49
32
9
14
9
14
49
9
14
32
14
9
32
49
15
9
9
49
49
49
32
14
9
9
14
32
14
49
14
49
9
32
3
15
15
15
9
32
9
32
2
9
9
49
49
14
9
14
14
9
32
49
2
2
6
6
6
49
49
49
32
15
49
49
9
14
9
14
49
32
14
32
9
14
12
15
15
32
32
2
14
32
15
3
3
49
49
14
32
2
15
32
15
15
2
15
9
15
14
15
49
9
9
49
49
14
49
14
14
3
15
49
32
14
49
2
32
49
3
9
2
15
3
49
32
32
32
32
2
12
32
32
49
49
3
14
2
32
32
14
2
9
2
32
14
3
49
49
12
32
3
15
32
14
2
17
17
6
17
17
2
15
15
3
3
3
3
15
15
15
32
12
15
49
12
32
3
12
32
3
15
2
49
3
12
32
49
32
3
12
3
12
12
12
12
15
49
32
3
2
32
2
15
3
15
3
2
12
12
3
2
3
12
3
12
12
3
12
2
3
3
12
12
3
3
15
3
12
40
15
3
12
12
12
12
15
12
6
6
17
17
2
12
13
12
12
2
15
12
12
12
40
13
12
12
40
13
2
13
1
13
40
12
13
40
2
40
40
7
12
7
12
12
13
12
12
20
1
12
13
6
6
6
17
13
20
7
20
13
12
12
12
40
12
20
7
40
40
40
13
40
40
13
40
7
13
40
13
7
40
40
20
20
7
50
13
40
20
50
1
20
20
7
1
40
7
7
20
12
13
1
20
7
13
40
7
7
17
17
6
6
6
17
20
40
13
20
20
20
1
7
40
1
7
20
40
7
13
40
7
20
7
20
13
40
20
13
13
40
13
20
7
20
20
1
20
40
1
13
7
13
1
13
1
13
1
1
13
20
50
50
1
7
40
1
20
17
6
34
20
13
1
1
20
50
50
20
34
7
50
13
20
50
1
20
40
13
1
7
34
20
1
1
13
1
34
7
1
50
1
1
1
34
7
1
1
34
50
7
1
20
34
7
1
20
34
20
34
50
7
1
50
50
34
7
1
50
21
7
20
1
1
50
21
1
21
34
44
43
6
6
17
6
6
7
1
50
21
34
34
50
7
34
1
16
21
43
34
7
16
50
21
50
50
34
1
34
43
1
16
50
16
50
21
50
1
34
21
21
21
34
50
1
34
21
34
44
34
43
1
43
4
50
44
50
43
43
4
50
50
44
50
34
21
43
43
4
43
34
25
17
6
17
44
4
43
4
4
4
43
50
44
16
4
16
44
50
34
21
4
34
4
21
4
34
44
4
43
44
50
4
4
34
4
34
44
21
4
43
43
50
44
4
43
16
21
21
4
34
4
16
4
43
43
43
4
4
21
16
21
28
50
44
50
44
43
21
4
4
43
4
21
4
28
16
4
4
17
6
17
44
4
44
4
43
16
43
44
43
16
4
44
4
21
16
21
4
28
4
43
43
4
43
4
28
4
21
4
4
4
28
21
28
28
4
28
4
4
35
4
44
25
25
6
17
28
28
47
47
4
4
35
28
28
28
28
35
28
28
35
4
47
28
47
47
35
4
47
35
35
35
47
35
35
28
28
35
47
47
35
47
35
6
17
25
6
25
47
47
35
35
47
47
28
28
35
35
35
47
35
35
35
35
35
47
6
25
6
47
35
47
47
47
47
35
47
35
47
35
35
35
25
35
47
30
30
30
30
30
30
30
30
30
30
30
30
30
30
30
30
30
30
30
25
6
17
25
30
30
30
30
30
30
30
30
30
30
30
30
36
30
30
30
36
36
30
30
30
30
36
30
30
30
30
36
30
36
17
25
25
30
36
30
30
36
30
30
36
36
36
36
30
30
36
36
30
30
30
30
30
18
30
36
36
30
36
36
30
36
30
36
30
36
30
18
36
36
18
30
36
30
36
30
8
30
18
36
30
18
36
17
36
36
30
30
30
36
18
36
36
30
18
36
36
18
18
36
30
30
30
36
36
36
30
30
18
36
30
36
8
18
18
8
18
36
30
18
36
18
18
18
18
8
41
18
41
18
18
25
6
25
6
17
25
25
8
8
8
18
18
41
8
41
8
8
41
41
18
8
8
8
41
18
41
8
18
18
18
8
18
8
18
8
41
18
8
18
18
8
8
41
8
18
18
18
18
41
17
25
33
8
8
8
18
18
8
8
41
41
18
8
41
41
18
8
41
41
26
33
26
26
18
18
26
41
41
18
38
26
41
41
17
6
25
26
18
41
41
22
26
26
26
38
41
41
41
26
26
41
38
38
26
41
22
33
41
22
22
26
41
41
26
26
26
41
26
41
38
33
26
33
41
22
33
22
41
22
33
22
41
26
41
33
33
41
26
38
26
33
41
38
38
22
22
22
22
33
33
6
17
25
17
22
41
22
33
33
26
41
41
33
22
26
41
26
33
22
33
33
22
33
41
38
26
33
22
41
26
33
41
38
22
22
41
33
22
41
22
38
38
22
33
22
22
22
22
25
17
6
6
33
33
38
33
22
22
22
38
33
33
22
33
38
33
22
33
33
33
38
33
33
33
33
26
38
33
33
38
33
33
33
33
33
25
6
33
38
33
38
33
33
38
33
33
33
38
38
38
27
33
48
25
25
17
17
6
27
27
48
27
33
27
33
33
38
27
27
27
27
33
38
27
27
33
38
27
38
33
33
27
27
48
38
27
33
27
27
38
48
48
48
33
27
48
42
38
27
33
33
27
48
33
42
25
25
17
25
25
42
38
27
48
38
27
27
33
48
27
48
38
38
42
48
27
42
27
27
48
27
48
42
42
42
48
42
27
48
48
27
33
27
42
42
42
38
33
27
27
42
27
48
42
42
27
33
45
27
42
45
27
27
42
48
48
27
42
45
48
17
25
17
17
42
42
48
48
45
27
42
27
48
27
27
48
27
48
27
27
42
27
48
42
42
27
27
42
42
45
48
48
42
42
42
27
48
48
42
29
42
48
48
45
29
42
48
48
42
29
29
42
42
48
29
48
42
42
42
42
48
25
6
25
25
25
25
25
42
29
48
48
45
48
29
46
48
48
48
29
45
29
29
29
45
42
29
29
29
48
45
45
29
42
45
45
24
46
29
29
46
48
29
29
29
24
29
29
45
29
45
29
46
45
6
6
6
6
6
25
6
25
29
29
42
45
24
24
46
29
24
42
29
29
29
24
42
29
46
29
46
46
45
45
29
24
29
24
24
29
24
29
45
45
42
24
29
42
42
46
45
45
46
24
24
29
24
24
29
45
45
46
29
11
11
11
11
24
46
45
11
29
11
46
24
11
17
17
25
25
6
6
6
25
6
46
29
46
11
29
45
11
24
46
45
46
29
46
24
42
46
29
11
11
46
11
45
45
46
24
11
45
45
24
24
24
11
11
11
11
24
11
45
24
11
45
46
24
46
46
11
46
45
24
24
46
24
10
24
11
24
10
11
11
45
11
6
6
6
25
25
46
24
45
11
11
46
45
24
45
11
11
24
46
46
10
45
24
45
24
46
11
11
11
45
31
24
10
45
11
10
10
24
45
24
10
11
46
11
37
31
10
31
24
11
45
10
37
11
11
31
11
10
24
10
31
46
6
25
6
25
6
25
31
31
10
11
24
37
10
31
11
11
37
10
11
11
31
31
10
11
10
10
11
31
10
31
10
10
10
10
10
31
10
11
31
31
31
10
37
10
31
31
11
10
37
11
31
31
37
31
31
6
6
6
31
10
10
31
31
37
31
31
10
37
37
31
37
31
37
31
31
31
23
37
37
10
37
31
10
37
31
31
37
37
10
37
23
37
37
37
31
10
25
17
25
6
6
25
17
25
23
37
23
31
23
31
31
37
10
37
31
31
37
37
31
31
37
37
31
37
31
23
31
23
23
37
37
23
31
37
31
37
37
37
23
37
37
37
37
37
37
23
6
6
6
25
25
6
17
25
6
25
23
19
37
37
37
37
37
37
19
23
23
23
19
23
37
19
37
37
37
37
19
19
39
37
19
37
19
23
37
39
39
23
37
39
37
39
39
23
39
19
37
39
39
37
39
23
19
39
23
39
37
19
39
37
39
23
37
39
39
23
25
6
17
25
6
25
23
23
19
37
19
39
23
23
37
39
19
19
39
37
37
19
23
39
37
39
37
19
23
39
19
39
19
37
37
39
37
37
39
37
19
23
39
39
23
39
39
37
37
23
19
39
39
37
37
19
39
19
37
37
37
39
37
37
39
19
37
37
37
39
39
37
19
23
37
39
19
39
23
37
39
19
39
39
19
19
19
37
39
19
19
19
19
19
37
37
19
39
39
23
37
37
6
6
25
17
6
25
6
25
17
25
6
39
37
37
39
37
37
39
37
19
19
39
37
39
19
19
39
19
39
39
37
37
39
19
37
23
39
39
39
19
37
39
37
37
19
