35
35
35
15
15
15
35
35
35
35
48
17
33
17
48
33
48
35
15
35
35
35
35
48
48
17
48
48
48
47
47
17
48
17
17
47
47
48
48
48
17
47
47
48
17
17
47
17
30
30
48
47
30
48
48
48
47
47
47
15
15
35
35
35
35
17
30
30
48
47
47
17
47
30
48
17
48
47
47
17
47
17
47
30
48
30
47
47
17
48
33
48
48
47
47
48
48
48
48
47
17
47
17
48
33
48
47
48
17
47
48
48
48
47
48
17
30
33
47
17
17
17
47
48
47
33
48
47
48
17
48
17
47
47
33
30
30
30
47
47
47
47
17
47
33
17
17
48
47
48
48
47
47
17
17
17
35
35
35
17
17
17
48
30
17
17
47
48
47
48
17
47
48
48
47
48
14
30
30
47
47
17
48
48
30
33
33
17
17
48
48
17
30
47
30
30
17
30
47
30
48
30
17
47
47
17
17
48
17
48
48
33
30
17
47
48
17
17
47
17
33
47
17
30
33
17
48
47
47
47
17
17
47
48
17
17
47
48
17
47
47
48
17
47
17
47
48
33
17
17
14
48
33
30
48
48
17
15
15
35
15
15
17
30
30
33
47
33
33
30
30
30
48
17
30
17
17
47
33
14
48
33
30
17
17
33
14
47
17
47
33
17
33
14
14
17
14
30
17
47
33
17
47
17
30
33
30
33
17
14
14
33
17
33
17
33
14
17
33
14
24
33
33
14
14
33
33
30
33
17
14
30
33
14
14
14
14
30
14
35
35
15
15
24
14
30
14
14
24
30
14
14
14
14
30
14
14
14
30
24
30
33
30
14
14
30
14
24
14
14
24
14
24
14
14
30
14
14
24
39
14
30
35
35
35
15
30
24
24
24
30
14
14
14
14
14
14
24
14
14
14
30
14
14
30
14
24
30
14
30
24
14
14
24
14
24
39
30
14
24
39
39
24
24
24
39
14
24
24
24
14
30
39
24
24
30
14
24
24
15
15
35
35
35
15
24
14
30
24
24
24
39
24
14
39
24
24
14
24
30
14
24
24
24
24
30
14
24
30
30
14
30
24
24
24
24
39
24
14
39
30
24
30
39
30
39
30
39
39
30
24
39
39
39
24
14
39
14
15
35
30
24
30
39
39
14
39
39
24
30
24
39
30
14
39
39
24
14
30
39
24
30
24
39
39
30
39
30
24
39
39
39
39
39
30
24
39
39
30
39
24
39
24
30
24
39
24
30
24
30
39
24
39
39
39
30
24
39
39
12
24
24
39
39
39
12
39
12
30
12
30
35
35
15
35
35
24
39
39
12
30
30
39
24
30
39
27
12
30
30
24
27
39
12
39
39
30
39
30
30
39
27
39
27
39
12
39
39
30
12
12
12
30
39
39
30
12
30
12
30
30
39
30
39
39
27
39
30
30
39
39
39
12
39
30
12
30
30
39
30
30
35
15
35
15
27
39
30
39
39
39
30
39
12
27
39
27
12
39
30
12
39
30
39
12
39
30
12
39
30
27
39
39
39
30
39
30
27
12
39
30
30
39
27
39
30
27
12
12
39
30
39
27
39
30
30
30
39
39
12
27
12
30
39
27
39
27
30
12
39
39
30
39
12
39
30
27
39
39
15
35
15
12
39
27
39
30
27
30
27
30
27
39
27
39
12
27
12
39
30
39
30
30
39
30
39
30
39
12
39
39
39
30
12
30
30
39
30
39
39
12
39
19
35
35
35
15
30
30
27
27
39
39
19
30
30
30
30
19
30
30
19
39
27
30
19
27
19
39
27
19
19
19
27
19
19
30
30
19
19
27
19
19
19
35
15
35
15
35
27
27
19
19
27
19
30
30
19
19
19
19
19
19
19
19
19
19
15
35
35
19
19
19
19
19
19
19
19
19
19
19
19
19
35
19
19
34
45
45
45
45
45
45
45
34
45
34
34
45
45
45
45
34
34
34
35
35
15
35
34
45
45
45
45
45
45
34
45
45
45
45
40
34
34
34
40
40
34
45
34
34
40
34
34
34
45
40
45
40
15
35
35
45
40
45
45
40
45
34
40
40
40
40
34
34
40
40
34
34
45
45
45
40
45
40
40
34
40
40
45
40
34
40
45
40
45
40
40
40
40
45
40
34
40
45
8
45
40
40
45
40
40
15
40
40
34
34
45
40
40
40
40
45
40
40
40
40
40
40
34
34
34
40
40
40
34
34
40
40
45
40
8
40
40
8
40
40
45
40
40
40
40
40
40
8
34
40
34
40
40
35
35
35
15
15
35
35
8
8
40
40
40
34
8
34
8
40
45
32
40
8
40
40
32
40
34
40
40
40
40
8
40
8
40
40
32
40
8
40
40
8
8
34
8
40
40
40
40
34
15
35
25
8
8
8
40
40
8
8
32
32
6
8
32
32
6
8
32
32
8
25
8
8
6
6
8
32
32
6
9
8
32
32
15
15
35
8
6
32
32
6
8
6
8
9
32
32
32
8
8
32
9
9
8
32
6
25
32
6
6
6
32
32
8
8
6
32
6
32
9
25
6
25
32
6
25
6
32
6
25
6
32
8
32
25
25
32
8
9
8
25
32
9
9
6
6
6
6
25
25
15
15
35
15
6
32
6
25
25
8
32
32
25
6
6
32
8
25
6
25
25
6
25
32
9
8
25
6
32
6
25
32
9
6
6
32
25
6
32
6
9
9
6
25
6
6
6
6
35
15
15
15
25
25
9
25
6
6
6
9
25
25
6
25
9
25
6
25
25
25
9
25
25
25
25
6
9
25
25
9
25
25
25
7
7
35
15
7
1
7
9
7
7
9
7
7
7
1
1
1
50
7
26
35
35
15
15
35
26
50
26
50
7
50
7
7
1
50
50
50
50
7
1
50
50
7
1
50
1
7
7
50
50
26
1
50
7
50
50
1
26
26
26
7
50
26
20
1
50
7
7
50
26
7
20
35
35
15
35
35
20
1
50
26
1
50
50
7
26
50
26
1
1
20
26
50
20
50
50
26
50
26
20
20
20
26
20
50
26
26
50
7
50
20
20
20
1
7
50
50
20
50
26
20
20
50
7
1
50
20
1
50
50
20
26
26
50
20
1
26
15
35
15
15
20
20
26
26
1
50
20
50
26
50
50
26
50
26
50
50
20
50
26
20
20
50
50
20
20
1
26
26
20
20
20
50
13
13
20
2
20
26
26
1
2
20
26
13
20
2
2
20
20
13
2
2
20
20
20
20
13
35
15
35
35
35
35
35
20
2
13
13
38
13
2
21
13
13
13
2
38
2
2
2
38
20
2
2
2
13
38
38
2
20
38
38
13
21
2
2
21
13
2
2
2
13
2
2
38
2
38
2
21
38
35
35
35
35
15
35
15
35
2
2
20
38
13
13
21
2
13
20
13
13
13
13
20
2
21
2
21
21
38
38
2
13
2
13
13
2
13
2
38
38
20
49
2
20
20
21
38
38
21
13
49
2
13
13
2
38
38
21
2
36
36
36
36
49
21
38
36
2
36
4
13
36
15
15
35
35
15
15
35
35
15
21
2
4
36
2
38
36
36
21
38
4
2
21
49
4
21
2
36
36
21
36
38
38
21
49
36
38
38
49
49
49
36
36
36
36
49
36
38
49
36
38
21
36
21
4
36
21
38
49
36
21
49
4
49
36
49
4
36
36
38
36
15
15
15
35
35
21
49
38
36
36
4
38
49
38
36
36
49
4
21
4
38
49
38
49
4
36
36
36
38
16
49
4
38
36
4
4
49
38
49
4
36
21
36
44
16
4
16
49
36
38
4
44
36
36
16
36
4
49
4
16
21
35
35
35
35
35
35
16
16
4
36
49
44
4
16
36
44
44
4
44
36
16
16
4
36
4
4
44
16
4
16
4
4
4
4
4
16
4
36
16
16
16
4
44
4
16
16
36
4
44
36
28
16
44
16
16
35
35
35
16
4
4
16
16
44
28
16
4
44
44
43
44
43
44
28
43
43
28
44
44
4
44
43
4
44
43
28
42
42
4
42
28
44
44
44
43
4
35
15
35
15
35
35
15
35
28
42
28
43
28
43
43
44
4
44
43
43
44
42
43
43
44
44
43
44
43
28
43
28
28
44
44
28
43
44
43
42
42
44
28
42
44
44
46
46
46
28
35
35
35
35
35
15
15
35
15
35
28
43
42
44
44
46
44
42
43
28
28
43
10
18
42
10
46
46
42
44
31
10
22
46
10
42
10
23
46
22
22
23
42
22
46
22
22
23
22
10
42
5
22
46
11
23
31
22
31
11
46
10
22
42
22
23
42
22
22
23
35
15
15
35
15
35
18
18
31
42
10
11
23
23
42
11
10
10
22
46
42
10
31
22
42
22
46
31
31
11
31
11
31
46
46
22
46
42
11
42
31
18
22
22
31
5
11
42
42
31
31
11
11
46
46
10
11
10
37
46
37
22
42
46
5
31
42
46
42
3
22
46
10
18
46
11
10
22
41
37
11
10
5
11
10
10
10
37
3
10
10
10
31
31
46
37
10
5
11
18
37
37
15
35
35
15
35
35
15
35
15
35
35
3
37
46
5
37
29
5
37
10
31
3
46
5
10
10
11
10
22
22
37
29
3
10
37
41
11
5
3
10
37
11
37
46
10
37
31
31
37
10
18
37
41
37
29
37
29
37
10
3
11
11
37
3
3
29
10
3
41
5
3
29
10
10
10
3
11
37
18
10
37
37
37
37
37
37
41
37
31
5
41
3
3
41
5
3
3
5
29
5
10
5
35
15
15
35
15
35
35
15
41
5
37
11
41
5
11
11
11
3
5
5
37
5
3
5
37
11
5
37
3
41
37
29
37
5
5
29
3
37
3
29
29
29
29
29
37
3
3
37
29
29
37
35
35
35
35
35
35
15
35
35
35
35
35
37
37
29
29
37
37
37
37
37
35
35
35
35
15
35
15
35
35
35
35
35
35
15
35
15
35
35
15
15
35
