369.306 283.664 
398.802 49.1762 
487.211 259.765 
431.004 205.079 
485.866 283.262 
330.574 73.1261 
361.973 8.69529 
313.74 95.9226 
335.551 277.742 
477.657 155.017 
479.84 245.663 
210.836 18.5332 
397.733 79.4961 
168.797 158.649 
33.8661 92.3608 
434.87 137.929 
141.581 183.435 
475.953 91.3606 
245.363 25.3537 
384.256 218.05 
410.203 186.715 
471.65 269.639 
468.774 105.64 
183.111 201.443 
336.158 13.308 
375.155 73.2365 
220.86 45.8267 
452.621 113.904 
491.699 47.6634 
187.95 282.27 
475.528 134.26 
323.037 190.52 
147.392 67.6934 
284.213 211.517 
32.0802 234.859 
420.148 62.0983 
488.304 20.5605 
409.734 281.964 
204.939 101.895 
293.967 73.664 
487.001 111.964 
465.366 47.51 
452.414 135.748 
447.185 22.2032 
277.902 177.607 
471.663 8.88684 
138.899 43.9106 
135.846 15.6896 
419.118 86.855 
372.539 46.9083 
