31
31
31
17
17
17
31
31
31
31
28
27
27
27
28
27
28
31
17
31
31
31
31
28
28
24
28
28
28
19
41
24
28
24
24
19
19
28
28
41
24
19
19
28
24
24
19
24
12
12
28
19
12
28
41
28
19
19
19
17
17
31
31
31
31
24
12
12
28
19
19
24
41
12
41
24
41
19
19
24
19
24
19
12
41
12
41
41
24
41
34
28
28
19
19
41
28
28
41
19
24
19
24
41
34
28
19
28
24
19
28
41
28
19
41
24
12
19
19
24
24
24
19
28
19
34
28
19
28
24
28
24
19
41
34
12
12
12
19
19
19
19
24
19
34
24
22
28
19
28
28
19
41
22
24
24
31
31
31
24
24
24
41
12
22
24
19
28
19
28
24
41
28
41
19
41
22
12
12
41
19
4
28
41
12
34
34
22
24
28
41
24
12
41
12
12
24
12
19
12
28
12
24
19
19
24
24
41
24
41
28
34
12
24
41
41
24
24
41
24
34
19
4
12
34
22
41
19
41
41
24
22
41
41
24
24
34
28
4
41
41
41
24
19
4
19
41
34
24
24
22
41
34
12
41
28
4
17
17
31
17
17
24
12
12
34
34
34
34
12
12
12
41
22
12
24
22
41
34
22
41
34
12
24
24
34
22
19
24
41
34
22
34
22
22
22
22
12
24
41
34
4
41
4
12
34
12
34
24
22
22
34
4
34
22
34
22
22
34
22
4
34
34
22
22
34
34
12
34
22
23
12
34
22
22
22
22
12
22
31
31
37
17
4
22
12
22
22
4
12
36
36
22
23
12
22
22
23
12
4
12
30
12
23
36
12
23
4
23
23
4
22
4
22
36
12
36
22
36
30
49
12
31
31
31
17
12
36
4
36
12
36
49
49
23
36
36
42
23
23
23
12
23
23
12
49
42
12
23
12
42
23
49
42
36
42
33
12
49
42
33
30
36
36
42
30
23
42
42
36
49
12
30
42
42
12
23
42
42
17
20
31
31
31
17
36
23
12
36
42
36
30
42
23
30
42
42
49
42
12
49
42
36
42
36
12
23
42
12
12
49
12
36
42
42
36
30
36
23
30
12
42
12
30
12
30
12
30
30
12
42
33
33
30
42
23
30
49
17
31
12
42
12
30
30
49
33
33
42
12
42
33
12
49
33
30
42
23
12
30
42
12
42
30
30
12
30
12
42
30
33
30
30
30
12
42
30
30
12
33
42
30
42
12
42
30
49
12
42
12
33
42
30
33
33
12
42
30
33
29
42
42
30
30
33
29
30
29
12
29
12
31
31
17
31
31
42
30
33
29
12
12
33
42
12
30
29
29
12
12
42
29
33
29
33
33
12
30
12
12
30
29
33
29
33
29
33
30
12
29
29
29
12
33
30
12
29
12
29
12
12
30
12
26
33
29
33
12
12
26
33
33
29
33
12
29
12
12
26
12
12
1
17
31
20
29
26
12
26
26
26
12
33
29
29
26
29
29
33
12
29
26
12
26
29
26
12
29
26
12
29
33
26
26
12
26
12
29
29
26
12
12
33
29
26
12
29
29
29
26
12
26
29
26
12
12
12
26
26
29
29
29
12
33
29
33
29
12
29
26
26
12
26
29
26
12
29
26
26
17
31
17
29
26
29
26
12
29
12
29
12
29
26
29
26
29
29
29
26
12
26
12
12
26
12
26
12
26
29
26
26
26
12
29
12
12
26
12
26
26
16
26
16
1
1
31
17
12
12
16
16
26
26
16
12
12
12
12
16
12
12
16
26
16
12
16
16
16
26
16
16
16
16
16
16
16
12
12
16
16
16
16
16
16
31
17
1
20
1
16
16
16
16
16
16
12
12
16
16
16
16
16
16
16
16
16
16
20
1
31
16
16
16
16
16
16
16
16
16
16
16
16
16
1
16
16
13
13
13
13
13
13
13
13
13
13
13
13
13
13
13
13
13
13
13
1
31
17
1
13
13
13
13
13
13
13
13
13
13
13
13
8
13
13
13
8
8
13
13
13
13
8
13
13
13
13
8
13
8
20
1
1
13
8
13
13
8
13
13
8
8
8
8
13
13
8
8
13
13
13
13
13
8
13
8
8
13
8
8
13
8
13
8
13
8
13
8
8
8
8
13
8
13
8
13
8
13
8
8
13
8
8
37
8
8
13
13
13
8
8
8
8
13
8
8
8
8
8
8
13
13
13
8
8
8
13
13
8
8
13
8
8
8
8
8
8
8
13
8
8
8
8
8
8
8
14
8
14
8
8
31
31
1
2
17
1
1
8
8
8
8
8
14
8
14
8
8
14
14
8
8
8
8
14
8
14
8
8
8
8
8
8
8
8
8
14
8
8
8
8
8
8
14
8
8
8
8
8
14
17
1
35
8
8
8
8
8
8
8
14
14
8
8
14
14
8
8
14
14
8
35
8
8
8
8
8
14
14
8
18
8
14
14
17
20
1
8
8
14
14
8
8
8
8
18
14
14
14
8
8
14
18
18
8
14
8
35
14
8
8
8
14
14
8
8
8
14
8
14
18
35
8
35
14
8
35
8
14
8
35
8
14
8
14
35
35
14
8
18
8
35
14
18
18
8
8
8
8
35
35
2
20
1
17
8
14
8
35
35
8
14
14
35
8
8
14
8
45
8
35
45
8
45
14
18
8
35
8
14
8
45
14
18
8
8
14
45
8
14
8
18
18
8
25
8
8
8
8
1
17
20
20
45
25
18
45
8
8
38
18
25
25
8
45
18
45
8
25
25
25
18
6
45
25
6
5
18
25
45
18
6
6
6
25
6
11
20
25
47
6
47
6
6
47
6
25
6
47
47
47
38
15
5
1
1
37
17
2
38
38
5
38
15
38
6
15
47
38
38
38
38
15
47
38
38
15
47
38
47
15
15
38
38
5
47
38
15
38
38
47
5
5
38
15
38
5
39
47
38
15
15
38
5
15
39
1
1
17
11
11
39
47
38
5
47
38
38
15
5
38
5
47
47
39
5
38
39
38
38
5
38
5
39
39
39
5
39
38
5
5
38
15
38
39
39
39
47
15
38
38
39
38
5
39
39
38
15
47
38
39
47
38
38
39
5
5
38
39
47
5
37
1
37
17
39
39
5
38
47
38
39
38
5
38
38
5
38
5
38
38
39
38
5
39
39
38
38
39
39
47
5
5
39
39
39
50
5
5
39
50
39
5
5
47
50
39
5
5
39
50
50
39
39
5
50
50
39
39
39
39
5
1
20
1
1
1
11
1
39
50
5
5
9
5
50
48
5
5
5
50
9
50
50
50
9
39
50
50
50
5
9
9
50
39
9
9
21
48
50
50
48
5
50
50
50
21
50
50
9
50
9
50
48
9
31
31
31
31
20
1
20
11
50
50
39
9
21
21
48
50
21
39
32
32
32
21
39
50
48
50
48
48
9
9
50
21
50
21
21
50
21
50
9
9
39
21
50
39
39
48
9
9
48
21
21
32
32
21
50
9
9
48
50
32
32
32
32
21
48
9
32
50
32
48
21
32
17
17
1
1
20
20
2
1
2
48
50
48
32
50
9
32
32
48
9
48
50
48
21
39
48
50
32
32
48
32
9
9
48
21
32
9
9
21
21
21
32
32
32
32
21
32
9
21
32
9
48
32
48
48
32
48
9
21
32
48
21
48
21
32
21
10
32
32
9
32
20
2
20
1
1
48
21
9
32
32
48
9
21
9
32
32
21
48
48
10
9
21
9
21
48
32
32
32
9
46
21
10
9
32
48
48
21
9
21
10
32
48
32
40
46
10
46
21
32
9
10
40
32
32
46
32
10
21
10
46
48
2
1
2
1
2
11
46
46
10
32
21
40
10
46
32
40
40
10
40
32
46
46
48
32
10
10
40
46
10
46
10
10
10
10
10
46
10
32
46
46
46
10
40
10
46
46
32
10
40
32
46
46
40
46
46
2
2
2
46
10
10
46
46
40
46
46
10
40
40
46
40
46
40
46
46
46
46
40
40
10
40
46
10
40
46
46
40
40
10
40
46
40
40
40
46
10
1
37
1
20
2
1
37
1
46
40
46
46
46
46
46
40
10
40
46
46
40
40
46
46
40
40
46
40
46
46
46
46
46
40
40
46
46
40
46
7
40
40
46
7
40
40
40
40
40
46
2
2
2
1
1
2
37
11
20
11
46
46
40
40
40
40
40
7
46
46
46
46
46
7
7
46
44
44
7
40
46
46
3
40
46
7
46
46
44
3
3
46
40
3
44
3
3
46
3
46
7
3
3
44
3
46
46
3
46
3
44
46
3
7
3
46
7
3
3
46
11
2
17
1
2
1
7
46
46
7
46
3
46
46
44
3
46
46
3
44
7
46
46
3
7
3
44
46
46
3
46
3
46
44
44
3
44
7
3
7
46
7
3
3
46
3
3
7
7
46
46
3
3
44
44
46
3
46
44
44
44
3
7
44
3
46
7
44
7
3
3
44
46
7
44
3
46
3
46
44
3
46
3
3
46
46
46
44
3
46
46
46
46
46
44
44
46
3
3
46
44
44
2
2
11
37
2
1
2
1
37
1
2
3
44
44
3
44
7
3
44
46
46
3
44
3
46
46
3
46
3
3
44
7
3
46
44
46
3
3
3
46
44
3
44
44
46
44
46
46
44
46
7
44
46
44
7
44
7
44
46
3
3
3
44
3
3
7
46
3
46
3
3
7
46
46
46
3
3
44
7
46
44
44
44
44
44
44
46
44
46
3
46
3
3
46
3
3
3
3
7
3
46
3
1
20
17
11
37
1
11
17
46
3
44
3
46
3
3
3
3
3
3
3
44
3
3
3
44
3
3
44
3
46
44
7
44
3
3
7
3
44
3
7
7
7
7
7
44
3
3
44
7
7
44
31
31
31
31
31
31
2
1
1
2
2
2
44
44
7
7
44
44
44
44
44
11
1
1
43
2
1
2
2
1
11
2
2
1
20
1
2
1
2
20
27
1
2
20
11
2
2
37
2
27
20
1
37
27
43
11
11
2
11
11
1
2
43
11
11
43
2
11
1
11
1
2
2
27
2
2
2
27
27
2
11
1
37
43
27
1
1
43
43
27
31
17
31
31
31
31
2
1
1
27
1
1
1
27
11
11
37
43
27
2
27
27
43
11
43
27
11
11
1
1
27
43
43
11
27
43
43
43
2
11
11
43
1
11
1
43
27
27
11
43
43
27
11
43
1
1
43
37
1
1
11
43
43
27
27
1
43
43
27
1
1
27
1
11
1
11
1
27
11
43
37
11
27
11
27
11
43
43
27
37
27
1
11
1
1
27
31
1
1
43
11
11
1
11
11
11
11
43
37
11
1
27
1
37
1
1
1
1
11
43
43
43
2
43
1
27
37
27
11
1
11
43
43
11
1
27
37
37
11
27
43
1
27
37
27
1
11
37
11
1
17
11
