191.813 92.4437 
149.784 199.285 
151.555 63.438 
218.847 100.686 
104.142 125.352 
26.9024 184.504 
185.44 209.998 
304.857 92.9022 
135.896 52.806 
434.417 204.975 
421.2 59.8707 
159.845 165.805 
178.467 278.072 
134.213 12.1378 
144.19 282.7 
212.608 49.3432 
26.8054 56.1779 
302.311 62.9465 
474.41 149.642 
184.137 188.856 
210.458 15.8553 
333.356 72.5989 
465.213 109.783 
413.547 84.4065 
37.3875 271.071 
325.301 93.2533 
372.294 47.2666 
230.655 287.412 
399.23 50.068 
278.543 191.897 
441.956 135.494 
140.961 32.3022 
346.029 11.5443 
202.461 289.373 
243.786 16.8704 
287.01 81.6796 
463.625 25.6251 
348.579 280.575 
474.896 264.013 
175.925 148.215 
319.745 193.703 
384.825 218.146 
213.057 274.732 
214.035 33.6668 
405.923 282.03 
411.566 190.185 
243.766 45.395 
380.232 74.8524 
139.177 181.39 
200.492 114.64 
