51.3202 278.189 
50.3648 167.582 
481.052 264.242 
157.225 204.97 
379.548 76.2008 
350.96 14.7366 
479.864 54.725 
307.89 78.7562 
409.734 281.964 
435.504 206.275 
60.7253 246.184 
187.95 282.27 
278.543 191.897 
319.745 193.703 
367.635 6.67028 
243.521 29.5583 
23.5506 59.3413 
333.751 277.881 
136.462 48.2137 
38.8842 136.997 
413.556 85.692 
154.924 163.998 
174.898 144.95 
140.094 185.541 
345.108 5.03579 
218.847 100.686 
69.1805 130.638 
132.569 10.4918 
211.787 29.3406 
191.813 92.4437 
12.0167 208.599 
418.62 62.4582 
200.492 114.64 
149.731 63.7911 
327.23 11.3108 
175.426 183.863 
55.6949 28.3927 
371.517 48.191 
384.825 218.146 
449.644 24.0474 
141.917 27.6927 
187.275 204.945 
65.5532 183.341 
483.512 17.0217 
339.277 22.6123 
462.964 134.406 
367.844 283.067 
413.126 190.694 
181.473 165.748 
398.298 48.8569 
