8
8
8
24
24
24
8
8
8
8
73
40
40
40
73
40
73
8
16
8
8
8
8
73
73
53
73
73
66
69
49
53
66
53
32
49
69
66
66
49
53
49
49
73
32
53
49
53
28
26
66
69
26
66
73
66
69
49
69
24
16
5
8
5
5
53
28
26
73
69
69
32
49
26
49
53
73
49
49
53
69
53
69
26
73
28
49
49
53
49
7
66
66
69
69
49
66
73
73
69
32
49
32
73
7
66
69
66
53
69
73
49
66
49
73
53
28
69
69
32
32
32
49
66
69
7
66
49
66
53
66
53
69
49
7
26
28
28
69
49
69
49
53
69
7
14
32
66
69
66
66
69
49
32
1
1
8
5
62
32
14
53
22
28
32
53
48
66
48
66
14
22
66
22
48
22
27
28
28
48
48
1
66
22
28
7
7
32
32
66
22
1
28
22
28
28
1
51
56
51
66
28
32
48
48
14
14
22
14
22
66
7
28
14
48
22
14
14
48
14
56
56
1
28
56
54
22
48
48
22
1
27
48
22
14
14
56
66
1
22
22
22
1
48
1
48
22
56
14
14
27
22
9
51
22
66
1
24
16
62
24
24
14
51
28
56
56
56
56
51
28
51
22
54
51
54
54
48
56
27
22
56
51
14
54
56
27
48
54
48
56
54
56
27
27
54
27
51
54
22
9
1
22
1
51
56
28
56
14
27
27
56
1
9
54
56
27
54
56
27
1
9
9
27
54
9
56
19
56
54
27
19
56
27
27
27
27
19
54
5
5
24
24
1
27
51
27
27
1
19
54
54
30
36
19
30
30
27
19
1
19
9
19
27
54
19
36
1
36
36
23
30
23
30
70
19
70
30
70
74
30
19
5
62
5
24
19
70
23
70
19
70
30
30
36
70
70
23
36
36
36
19
36
36
19
30
23
64
36
64
23
36
30
11
70
23
74
64
30
11
74
74
70
11
23
74
36
11
23
70
30
64
74
11
23
64
36
11
23
24
16
5
62
5
24
70
36
64
70
11
11
74
23
36
15
23
11
30
23
64
36
23
70
23
70
64
36
11
64
64
36
64
70
11
11
70
15
70
36
74
64
23
64
15
64
15
64
74
74
64
11
74
38
15
11
36
15
70
24
62
64
11
64
15
15
70
38
38
11
64
23
74
64
70
38
15
11
36
64
74
23
64
11
15
15
64
15
64
11
10
38
10
15
47
64
23
10
10
12
38
11
15
11
64
11
10
70
64
11
12
38
11
10
38
38
12
23
47
47
18
11
11
10
10
38
18
10
18
12
45
64
8
5
24
5
62
11
10
38
18
12
12
47
11
12
10
45
18
17
12
11
45
38
18
47
38
12
47
12
17
10
45
47
60
47
18
38
47
12
18
18
18
12
38
47
12
18
12
45
12
17
10
17
10
47
45
46
12
12
47
47
47
18
46
12
21
17
12
47
17
12
13
16
62
16
45
72
17
47
47
10
17
46
45
60
10
45
18
46
12
21
47
12
47
21
47
12
18
47
12
45
46
72
46
12
72
12
45
21
46
12
17
46
60
46
12
60
21
21
72
12
46
60
72
17
17
17
72
72
21
60
21
12
46
60
46
60
17
21
72
72
17
72
21
46
12
60
46
72
24
62
16
21
72
60
58
17
60
44
67
44
60
61
67
58
21
60
21
61
57
61
17
44
58
17
58
57
61
21
58
58
61
57
21
57
57
61
44
61
61
21
61
67
13
13
5
24
44
57
67
67
61
58
67
44
44
44
44
4
57
44
67
58
67
57
67
67
4
58
34
4
4
4
67
4
4
44
44
4
67
34
4
34
4
62
24
13
16
13
34
34
67
4
34
34
44
57
4
4
4
34
4
4
4
4
4
34
16
13
62
34
4
34
34
34
34
4
34
4
34
4
4
4
3
4
34
20
71
71
68
68
71
68
71
20
71
20
20
68
71
68
71
20
20
39
3
62
16
3
20
68
68
71
68
71
71
20
68
68
43
68
59
43
39
20
59
25
20
63
39
43
59
20
39
39
43
25
43
2
16
3
3
63
59
42
43
2
43
39
2
59
59
25
43
39
59
59
43
39
42
42
63
25
42
2
2
39
25
59
42
59
39
25
42
2
63
52
25
59
52
42
50
35
25
63
2
42
25
50
63
25
50
24
25
50
39
39
42
25
25
50
50
63
52
50
50
52
52
50
35
35
35
25
25
50
35
65
25
50
42
50
41
52
52
41
55
50
63
52
50
52
52
52
55
41
35
55
65
55
52
8
5
3
5
16
3
13
41
41
50
55
52
65
41
65
41
50
63
35
52
41
50
50
35
55
65
55
52
55
55
41
52
41
55
55
35
55
41
52
55
29
29
65
29
55
55
55
55
65
16
3
31
29
29
29
55
55
29
29
6
6
37
29
6
6
37
29
6
6
29
31
29
29
37
37
33
6
65
37
75
33
6
6
16
16
3
29
37
6
65
37
29
33
29
75
6
6
6
29
29
6
75
75
29
6
37
31
6
37
37
33
6
6
33
33
33
6
33
6
75
31
33
31
6
33
31
37
6
37
31
33
6
33
6
31
31
6
33
75
33
31
6
75
75
33
37
37
33
31
31
