53
53
53
28
28
28
53
53
53
53
54
60
60
60
54
60
54
53
52
53
53
53
53
9
6
13
6
6
9
30
6
13
9
16
16
35
30
9
9
6
13
35
35
9
16
13
35
13
66
66
9
30
66
9
6
9
30
35
30
28
52
53
53
53
53
13
66
66
9
30
30
16
6
66
6
13
6
35
35
16
35
13
35
66
6
66
6
6
13
6
30
9
9
30
30
6
9
6
6
30
16
35
16
6
30
9
30
9
13
30
9
6
9
35
6
13
66
30
30
16
16
16
35
9
30
30
11
35
9
13
9
16
30
35
27
46
66
66
30
35
30
35
22
30
30
16
49
11
30
11
11
30
7
49
22
22
53
53
53
16
16
22
7
66
49
22
35
11
35
11
55
7
11
59
35
59
49
66
66
7
35
22
11
59
66
27
27
49
49
11
59
22
66
7
66
66
22
46
42
46
11
66
49
42
42
55
55
59
55
59
11
27
66
55
7
59
55
22
7
55
42
42
22
66
42
49
59
7
7
7
22
49
7
59
55
55
42
11
22
7
7
59
22
42
22
7
59
27
55
55
17
59
27
46
59
11
22
28
52
53
28
28
55
46
66
27
42
27
42
46
66
46
59
43
46
55
43
7
27
17
59
42
46
55
55
27
17
42
55
7
27
43
42
17
17
43
17
46
55
7
27
75
7
75
46
42
36
42
55
17
17
27
22
27
43
27
17
43
42
17
75
27
27
17
43
27
42
36
27
43
17
36
42
17
17
17
17
36
43
53
53
28
28
75
43
46
17
17
75
36
43
43
43
64
36
43
17
17
36
75
36
61
36
17
8
36
64
75
64
64
75
17
75
17
8
36
8
17
8
61
17
36
53
53
53
28
36
8
14
8
36
8
2
2
64
8
8
14
64
64
64
19
64
64
36
2
14
19
64
19
14
64
2
14
8
14
61
19
2
14
61
61
8
63
14
61
64
14
14
8
2
19
61
63
14
19
64
14
14
28
52
53
53
53
28
63
64
19
8
63
63
61
14
64
31
14
63
2
14
19
64
14
63
14
63
19
64
63
19
19
2
19
63
63
63
63
31
63
64
61
19
44
19
31
19
31
19
61
61
19
63
61
41
31
63
64
31
2
28
53
48
63
19
31
31
2
41
41
63
48
44
41
19
2
41
31
63
64
19
41
44
48
63
31
31
19
31
48
44
31
41
31
31
41
48
44
31
31
48
41
44
31
63
48
44
31
63
48
63
48
41
44
31
41
41
48
44
41
41
58
44
63
31
31
41
58
31
58
48
47
32
53
53
28
53
53
44
31
41
58
48
48
41
44
48
31
47
58
32
48
44
47
41
58
41
41
48
41
48
32
31
47
41
47
41
58
41
41
48
58
58
58
48
41
45
48
58
48
47
48
32
31
32
45
41
47
41
32
32
45
41
41
47
41
48
58
32
32
45
32
48
71
52
53
52
47
45
32
45
45
45
32
33
47
47
45
47
58
33
48
58
45
48
45
58
45
48
58
45
32
47
33
45
33
48
45
48
47
58
33
32
32
33
51
33
32
51
58
58
45
48
33
51
45
32
32
32
45
45
58
51
58
48
33
51
33
51
32
58
45
45
32
45
58
33
3
51
33
45
28
53
52
58
45
51
33
32
51
32
51
32
51
45
51
33
58
51
58
45
3
45
32
32
33
32
33
3
45
58
45
33
45
3
58
3
3
45
3
45
45
23
45
51
71
71
53
28
3
3
51
51
45
33
23
3
3
3
3
23
3
3
23
33
1
3
23
1
23
33
1
23
23
23
1
23
23
3
3
23
1
1
23
1
23
53
28
71
52
71
1
1
23
23
1
1
3
3
23
23
23
1
23
23
23
23
23
1
52
71
53
1
23
1
1
1
1
23
1
23
1
23
23
23
65
23
1
18
39
39
39
62
39
62
39
18
39
18
18
62
39
62
39
18
18
34
71
53
52
71
18
62
62
39
62
39
39
18
62
62
18
62
24
18
34
18
21
21
18
68
34
18
24
18
34
34
18
21
62
24
52
71
65
68
24
68
62
24
18
34
24
24
24
21
18
34
21
24
18
34
68
62
68
29
62
24
24
34
21
21
62
24
34
21
68
24
68
29
21
24
29
62
21
57
21
68
24
68
29
21
68
29
24
28
21
21
34
34
68
21
29
24
21
68
29
21
24
29
29
24
57
57
57
21
21
21
57
57
21
21
68
21
74
29
29
74
38
38
68
29
38
29
29
29
38
74
57
38
57
38
29
53
53
65
53
52
65
71
74
74
74
38
29
57
74
57
74
38
68
37
4
74
38
38
37
38
57
38
4
38
38
74
4
74
38
38
37
38
74
4
38
74
74
57
74
4
4
38
38
57
52
65
26
74
74
74
38
4
74
74
5
37
4
10
5
5
4
10
5
5
10
26
10
10
12
12
10
37
37
12
73
10
5
37
52
52
65
10
12
37
37
12
10
56
10
73
5
5
5
10
10
5
73
73
10
5
12
26
37
12
12
56
37
5
10
10
56
5
56
5
73
26
56
26
37
56
26
12
37
12
26
56
5
10
5
26
26
5
56
73
10
26
5
73
73
56
12
12
70
26
26
53
52
65
28
56
5
56
26
26
10
5
5
26
12
56
5
10
26
70
26
26
56
26
5
73
10
26
56
5
56
26
5
73
70
70
5
26
70
5
56
73
73
70
67
56
70
70
56
71
28
52
52
67
67
73
67
70
70
70
73
67
67
70
67
73
67
56
67
67
67
73
67
67
67
67
56
73
67
67
73
67
67
67
67
67
65
52
67
73
67
73
67
67
73
67
67
67
73
73
73
69
25
69
71
65
28
52
53
69
15
69
15
25
15
25
25
73
69
15
15
15
25
73
15
15
25
73
15
73
25
25
69
69
69
73
15
25
15
15
73
69
69
69
25
15
72
40
73
15
25
25
15
69
25
40
71
71
52
65
65
40
73
15
72
73
15
15
25
72
15
69
73
73
40
69
15
40
15
15
69
50
72
40
40
40
69
40
50
72
72
20
25
50
40
40
40
73
25
20
50
40
20
72
40
40
20
25
73
50
40
73
20
20
40
50
50
50
40
73
50
28
65
28
52
40
40
72
50
73
20
40
50
50
50
20
72
20
50
50
20
40
20
72
40
40
20
20
40
40
73
72
50
40
40
40
20
72
72
40
50
40
72
72
73
50
40
50
72
40
20
20
40
40
72
50
50
40
40
40
40
72
65
52
65
71
71
65
71
40
50
50
72
73
72
20
40
72
50
72
50
