364.562 72.5723 
213.347 93.5137 
226.33 292.942 
133.735 185.065 
294.687 81.765 
146.244 40.615 
315.167 202.849 
323.236 93.7588 
283.504 94.3596 
207.429 103.983 
283.688 75.5921 
335.841 79.5669 
150.39 178.571 
363.628 52.7994 
219.81 32.9852 
229.893 279.101 
281.688 172.153 
155.196 160.944 
186.733 204.944 
349.929 13.5812 
327.23 11.3108 
344.663 280.301 
224.028 99.6918 
24.9396 288.525 
192.242 106.019 
14.4905 208.479 
133.689 25.7496 
324.343 61.015 
210.364 274.498 
191.61 82.6361 
226.962 48.6831 
149.704 71.898 
198.275 120.872 
151.943 58.3008 
179.04 180.578 
305.684 95.9476 
222.794 88.3202 
247.099 46.5034 
343.735 4.92267 
10.126 10.2441 
305.505 70.7587 
271.366 195.528 
24.6784 94.8229 
363.468 5.87861 
147.499 23.2572 
203.566 23.7024 
147.037 8.76549 
142.455 271.972 
134.135 55.9353 
174.886 149.702 
288.082 217.722 
146.425 287.892 
244.742 16.6774 
202.009 289.283 
327.301 186.165 
104.142 125.352 
131.785 10.4131 
21.6729 44.9561 
152.365 201.638 
218.169 10.7868 
215.735 114.495 
208.299 45.6533 
186.246 88.7666 
31.9985 151.27 
115.438 17.5122 
179.55 278.096 
339.277 22.6123 
364.225 35.8154 
132.543 38.7079 
175.5 103.656 
140.665 4.08366 
31.3652 265.123 
295.339 58.6034 
233.945 114.726 
197.881 90.5044 
