26
26
26
40
40
40
26
26
26
26
65
56
56
56
65
56
65
26
43
26
26
26
26
65
65
4
65
65
57
49
69
4
57
4
4
69
49
57
57
27
4
69
69
57
4
4
69
4
52
48
57
49
48
57
27
57
49
69
49
58
43
26
26
26
26
4
52
48
57
49
49
4
69
48
27
4
27
69
69
4
49
4
69
48
27
52
69
69
4
27
49
57
57
49
49
27
57
27
27
49
4
69
4
27
49
57
49
57
4
49
27
27
57
69
27
4
52
49
49
4
4
4
69
57
49
49
71
69
57
4
57
4
49
69
32
48
52
52
49
69
49
69
4
49
49
4
18
71
49
71
71
49
27
18
59
59
26
26
26
4
4
4
27
52
13
4
6
71
6
71
4
6
71
45
6
45
18
52
52
6
6
59
71
45
52
32
32
13
13
71
45
59
52
45
52
52
59
48
34
48
47
52
13
6
6
13
13
45
13
45
47
32
52
13
6
45
13
59
6
13
34
34
59
52
34
13
45
6
6
6
59
18
6
45
13
13
34
47
59
45
45
45
59
6
59
6
45
32
13
13
18
45
32
48
45
47
59
58
43
26
58
58
59
48
52
34
34
34
34
48
52
48
45
18
52
13
13
6
34
18
45
34
52
13
13
34
18
6
13
6
34
13
34
18
18
18
18
52
13
45
32
59
45
59
48
34
52
34
13
18
18
34
59
32
13
34
18
13
34
18
59
32
32
18
18
32
34
52
34
13
18
52
34
18
18
18
18
52
13
26
26
40
58
59
18
48
18
18
59
52
13
13
18
50
52
18
18
50
66
59
66
70
66
50
35
66
50
59
50
50
59
50
59
18
35
66
35
50
35
70
50
66
26
26
26
58
66
35
19
35
66
35
50
35
50
35
35
19
50
50
50
66
50
50
66
50
19
66
50
66
19
50
50
19
35
19
70
66
50
19
70
70
35
19
19
70
50
19
19
35
35
66
70
19
19
66
50
19
19
58
43
26
26
26
58
35
50
66
35
19
35
70
19
50
63
19
19
35
19
66
50
19
35
19
35
66
50
19
66
66
50
66
35
19
19
35
63
35
50
25
66
19
66
63
66
30
66
25
25
66
19
25
33
30
19
50
63
35
58
26
54
19
66
30
30
35
33
25
19
54
19
25
66
35
25
30
19
33
66
25
19
54
19
30
75
66
30
54
19
75
33
75
75
25
54
19
75
75
54
25
19
30
19
54
19
75
35
54
19
54
33
19
75
33
33
54
19
25
25
46
19
19
75
75
33
46
75
46
54
46
29
26
26
58
26
26
19
75
33
46
54
54
10
19
54
75
62
46
29
54
19
62
33
46
10
33
54
10
54
29
75
62
10
62
10
46
33
10
54
46
46
46
54
33
10
54
46
54
46
54
29
75
29
2
10
62
33
29
29
10
10
10
46
61
54
60
29
29
10
29
54
24
43
26
43
15
2
29
10
10
2
29
61
15
62
2
62
46
61
54
60
10
54
10
60
10
54
46
10
29
15
61
2
61
54
2
54
15
60
61
29
29
61
62
10
29
62
15
60
2
3
61
62
2
29
29
29
2
2
60
31
60
3
61
15
61
15
29
60
2
23
29
37
60
61
3
31
61
23
58
26
43
15
23
15
23
16
31
16
15
16
31
37
15
23
60
31
60
37
3
23
16
16
61
16
23
3
23
60
23
61
23
3
60
3
3
23
16
37
23
60
23
15
24
24
26
58
16
3
31
31
23
74
15
16
16
16
16
53
3
16
53
74
31
3
15
31
53
74
31
53
53
53
38
53
53
16
16
53
38
38
53
38
53
26
58
24
64
24
38
38
53
53
38
38
16
3
53
53
53
38
53
53
53
53
53
38
64
24
26
38
53
38
38
38
38
53
38
53
38
53
53
53
72
53
38
42
42
42
42
17
42
17
42
42
42
42
42
17
42
17
42
42
42
51
72
26
43
72
42
17
17
42
17
42
42
42
17
17
42
17
11
42
51
42
11
11
51
17
51
42
11
42
51
51
42
11
17
9
43
72
72
17
9
17
17
9
42
51
9
9
11
11
42
51
11
11
42
51
17
17
17
73
17
9
9
51
11
11
17
9
51
11
17
9
17
73
11
5
73
17
11
51
11
17
9
17
73
5
17
73
5
40
11
5
51
51
17
11
73
5
5
17
73
5
5
73
73
5
51
51
51
5
5
5
51
51
73
5
17
5
36
73
73
36
41
5
17
73
5
73
73
73
41
36
7
41
51
41
73
26
26
72
64
43
72
24
36
36
5
41
73
51
36
51
36
5
17
7
73
36
5
5
7
41
51
41
73
41
41
36
73
36
41
41
7
41
36
41
41
36
36
7
36
41
41
41
41
7
43
72
21
36
36
36
41
41
36
36
55
7
28
36
55
55
28
8
55
55
8
21
8
8
28
28
8
7
7
28
22
8
55
7
43
64
72
8
28
7
7
28
8
8
8
22
55
55
55
8
8
55
22
22
8
55
28
21
7
28
28
8
7
55
8
8
8
55
12
55
22
21
8
21
7
12
21
28
7
28
21
12
55
8
55
21
21
55
8
22
8
21
55
22
22
12
28
28
12
21
21
64
43
72
58
12
55
12
21
21
8
55
55
21
28
12
55
8
67
28
21
67
12
67
55
22
8
21
12
55
12
67
55
22
12
12
55
67
12
55
12
22
22
12
39
12
12
12
12
72
58
64
64
67
39
22
67
12
12
28
22
39
39
12
67
22
67
12
39
39
39
22
20
67
39
20
12
22
39
67
22
20
20
20
20
20
72
64
39
22
20
22
20
20
22
20
44
20
22
22
22
14
44
1
72
72
58
43
64
1
14
1
14
44
68
68
44
22
14
14
14
68
44
22
68
68
44
22
68
22
44
44
14
14
1
22
14
44
68
14
22
1
1
1
44
68
1
55
22
14
44
