41
41
41
47
47
47
41
74
41
41
60
72
72
72
60
72
60
74
3
41
41
41
41
60
60
68
60
60
60
27
48
68
60
68
57
48
27
60
60
49
68
48
48
49
68
68
48
68
25
25
60
27
25
60
49
60
27
48
27
47
3
74
41
74
74
68
25
25
49
27
27
57
48
25
49
68
49
48
48
68
27
68
48
25
49
25
48
48
68
49
19
34
34
27
27
49
34
49
49
27
68
48
68
49
19
34
27
34
68
27
49
49
34
48
49
68
25
27
27
57
57
57
48
34
27
19
34
48
34
68
34
68
27
48
19
25
25
25
27
48
27
48
52
27
19
68
57
34
27
34
34
27
48
57
52
52
41
74
74
14
14
52
59
25
57
52
46
34
46
34
52
59
34
59
46
59
57
25
25
46
46
52
34
59
25
19
19
57
57
34
59
52
25
59
25
25
52
25
39
25
34
25
14
46
46
14
14
59
52
59
34
19
25
14
46
59
14
52
46
14
39
39
52
25
39
14
59
46
46
59
52
9
46
59
14
14
39
34
52
59
59
59
52
46
18
46
59
39
14
14
9
59
61
25
59
34
18
47
3
55
47
47
52
25
25
39
39
39
39
25
25
25
59
9
25
14
14
46
39
9
59
39
25
52
14
39
9
46
14
46
39
14
39
9
9
9
9
25
14
59
61
18
59
18
25
39
63
39
14
9
9
39
18
61
14
39
9
14
39
9
28
61
61
9
9
61
39
63
39
14
5
63
39
9
9
9
9
63
31
74
74
47
47
28
9
63
9
9
18
63
31
31
9
5
63
31
9
5
63
18
63
4
63
5
31
63
5
18
5
5
28
9
28
9
31
63
31
9
31
4
9
63
74
55
74
47
63
66
28
66
63
31
33
33
5
31
31
35
5
5
5
45
5
5
45
33
35
44
69
44
35
69
33
66
31
35
4
45
33
66
4
4
66
66
35
4
69
66
35
66
33
45
4
66
35
45
69
66
35
47
3
74
55
74
47
66
69
45
43
66
66
12
35
69
2
35
66
33
35
44
69
35
43
35
43
45
69
66
44
44
33
45
43
66
66
43
2
43
69
12
45
35
44
2
44
26
45
12
12
44
43
56
8
26
66
69
2
33
47
55
37
43
44
32
26
33
8
56
43
37
16
56
44
33
56
32
43
69
44
56
16
37
43
32
32
44
32
37
16
29
8
29
32
12
40
16
29
29
37
56
16
32
43
40
16
29
43
40
43
37
8
16
32
8
8
37
16
15
56
30
16
43
29
32
8
30
29
30
40
10
40
41
74
47
74
55
16
29
8
30
6
40
15
16
37
29
10
30
44
40
16
10
8
30
15
8
6
15
40
44
29
36
15
36
15
30
8
15
6
30
30
30
6
8
15
6
30
6
10
40
40
13
40
13
15
10
8
40
40
15
15
15
10
15
6
22
73
58
15
73
6
20
3
55
3
10
15
73
15
15
13
73
8
10
36
13
36
10
1
58
22
15
58
15
22
15
58
22
15
58
10
1
13
1
58
13
58
10
22
1
58
73
1
36
1
58
36
22
22
62
58
1
36
62
73
73
73
62
62
75
36
22
24
1
36
1
36
73
22
62
62
73
62
22
1
58
36
1
62
47
55
3
22
62
36
1
73
36
73
50
73
36
62
50
1
75
36
75
62
24
62
73
73
1
73
1
24
62
75
62
1
62
24
75
24
24
62
38
62
62
75
62
50
20
20
74
47
38
38
7
50
62
1
50
38
38
38
53
50
38
53
50
1
7
38
50
7
17
1
7
17
17
50
7
17
50
53
53
17
50
7
17
7
17
55
47
20
42
20
7
7
50
17
7
7
53
38
21
17
21
21
17
17
17
17
17
7
42
20
55
21
21
7
7
21
21
17
7
17
7
21
21
17
20
21
21
65
65
65
54
54
65
54
65
65
65
65
65
54
65
54
65
65
65
67
20
55
3
20
65
54
54
65
54
65
65
65
54
54
65
54
70
65
67
65
51
64
67
11
67
65
70
65
67
67
65
51
65
70
3
20
20
11
70
11
65
70
65
67
70
70
70
51
65
67
51
70
65
67
11
11
11
64
11
70
70
67
64
51
11
70
67
51
11
70
11
64
64
70
64
11
51
67
51
11
70
11
64
51
11
64
23
47
51
51
67
67
11
51
64
23
51
11
71
51
23
71
71
23
67
67
67
51
51
51
67
67
71
23
11
23
23
71
71
23
71
23
11
71
23
71
71
71
71
23
67
71
67
71
71
