220.277 112.478 
186.246 88.7666 
20.1864 97.6728 
174.56 104.545 
169.071 147.433 
204.828 293.908 
242.605 49.8068 
199.569 119.56 
157.788 161.034 
207.243 35.3992 
287.052 170.637 
188.033 100.841 
209.963 89.7561 
149.199 179.048 
206.785 103.889 
196.806 209.776 
244.464 11.5028 
156.909 201.314 
139.008 67.6224 
25.6615 280.255 
252.376 29.9577 
214.746 16.8705 
295.206 87.2442 
223.186 293.371 
142.128 281.75 
189.105 78.1054 
133.87 54.0095 
164.486 213.946 
197.82 91.7222 
201.936 21.0953 
167.906 177.463 
194.447 86.2966 
181.107 166.077 
139.466 7.59667 
179.952 212.036 
215.399 47.5193 
194.945 290.628 
233.063 288.253 
151.81 58.5955 
201.774 281.496 
8.77452 214.971 
24.8309 148.879 
189.942 189.38 
188.567 269.152 
181.017 281.876 
146.408 41.5685 
16.2538 34.9567 
132.899 38.3525 
132.318 24.1027 
232.857 29.9069 
287.995 76.2055 
144.569 195.192 
237.627 278.734 
269.731 173.922 
21.3695 210.718 
192.947 109.169 
137.599 169.987 
213.39 286.957 
146.959 24.2977 
121.9 12.7951 
154.694 75.1551 
222.163 95.6684 
163.751 285.606 
286.772 62.6789 
272.222 195.301 
179.85 195.483 
286.598 216.473 
131.811 186.849 
182.533 142.872 
282.742 90.9152 
297.044 61.0338 
104.142 125.352 
217.026 272.955 
16.2194 201.458 
223.295 6.46008 
