26
26
26
55
55
55
26
26
26
26
74
70
70
70
74
70
74
26
43
26
26
26
26
74
74
36
74
74
74
31
41
36
74
36
36
9
9
74
74
41
36
9
9
74
36
36
9
36
13
13
74
31
13
74
41
74
31
9
9
55
43
26
26
26
26
36
13
13
74
31
31
36
41
13
41
36
41
9
9
36
9
36
9
13
41
13
41
41
36
41
31
48
48
31
9
41
48
41
41
31
36
9
36
41
31
48
9
48
36
31
41
41
48
9
41
36
13
31
31
36
36
36
9
48
31
31
48
9
48
36
48
36
31
41
31
13
13
13
31
9
31
9
36
31
31
36
46
48
31
48
48
31
41
46
36
36
26
26
26
36
36
36
41
13
3
36
9
48
9
48
36
10
48
41
9
48
46
13
13
10
9
36
48
41
13
17
17
3
3
48
41
36
13
10
13
13
36
13
31
13
48
13
3
9
9
36
36
48
36
48
48
17
13
3
10
48
3
36
10
3
17
17
36
13
17
3
10
10
10
10
36
46
10
10
36
3
17
48
36
10
10
48
36
9
36
10
48
17
3
3
46
10
17
68
10
48
36
55
43
26
55
55
36
68
68
17
17
17
17
68
68
68
10
3
68
3
3
10
17
46
10
17
68
3
3
17
46
10
3
10
17
3
17
46
46
3
46
68
3
10
17
30
10
30
68
17
68
17
3
46
46
17
3
17
3
17
46
3
17
46
30
17
17
46
46
17
17
68
17
3
46
68
17
46
46
46
46
68
3
26
26
55
55
30
46
68
46
46
30
68
3
3
46
33
68
3
46
46
68
30
68
24
68
46
3
68
33
30
33
33
30
46
30
46
3
68
3
46
3
24
46
68
26
26
26
55
68
30
30
30
68
3
46
46
33
3
3
30
33
33
33
35
33
33
35
33
30
35
33
35
30
33
33
30
3
30
24
35
33
30
24
24
63
63
30
24
33
30
30
63
33
35
24
63
30
35
33
30
30
55
43
26
26
26
55
63
33
35
63
63
63
24
30
33
58
30
63
33
30
35
33
30
63
30
63
35
33
63
35
35
33
35
63
63
63
63
58
63
33
24
35
30
35
58
35
58
35
24
24
35
63
24
42
58
63
33
58
63
55
26
72
63
35
58
58
33
42
42
63
72
63
42
35
33
42
58
63
33
35
42
63
72
63
58
58
35
58
72
63
58
42
58
58
42
72
63
58
58
72
42
63
58
63
72
63
58
63
72
63
72
42
63
58
42
42
72
63
42
42
25
63
63
58
58
42
25
58
25
72
25
50
26
26
55
26
26
63
58
42
25
72
72
42
63
72
58
25
25
50
72
63
25
42
25
42
42
72
42
72
50
58
25
42
25
42
25
42
42
72
25
25
25
72
42
75
72
25
72
25
72
50
58
50
75
42
25
42
50
50
75
42
42
25
42
72
25
50
50
75
50
72
1
43
26
43
25
75
50
75
75
75
50
57
25
25
75
25
25
57
72
25
75
72
75
25
75
72
25
75
50
25
57
75
57
71
75
71
25
25
57
50
50
57
25
57
50
25
25
25
75
71
57
25
75
50
50
50
75
75
25
25
25
71
57
25
57
25
50
25
75
75
50
75
25
57
71
25
57
75
55
26
43
25
75
25
57
52
25
52
25
52
25
75
25
57
25
25
25
75
71
75
52
52
57
52
57
71
75
25
75
57
75
71
25
71
71
75
52
75
75
59
75
59
1
1
26
55
52
71
59
59
75
57
59
52
52
52
52
59
71
52
59
57
59
71
59
59
59
57
59
59
59
59
59
59
59
52
52
59
59
59
59
59
59
26
55
1
43
1
59
59
59
59
59
59
52
71
59
59
59
59
59
59
59
59
59
59
43
1
26
59
59
59
59
59
59
59
59
59
59
59
59
59
19
59
59
51
51
51
51
39
51
51
51
51
51
49
51
51
51
51
51
51
51
49
1
26
43
1
51
39
51
51
39
51
51
51
39
39
51
39
40
51
49
51
40
21
49
39
49
51
40
49
49
49
51
40
51
40
43
1
19
39
40
39
51
40
51
49
40
40
40
40
51
49
40
40
51
49
39
39
39
21
39
40
40
49
21
40
39
40
49
21
39
40
39
21
21
40
21
39
40
37
21
39
40
39
21
40
39
21
40
55
21
40
37
37
39
21
21
40
40
39
21
40
40
21
21
40
37
37
37
21
21
21
37
37
21
40
39
40
11
21
21
11
21
40
39
21
40
6
6
6
21
11
37
21
37
21
6
26
26
19
43
43
19
1
11
11
11
21
6
37
11
37
11
11
39
28
6
11
11
11
28
6
37
11
6
6
6
11
6
11
6
11
28
6
11
6
6
11
11
37
11
6
6
6
6
37
43
19
2
11
11
11
6
6
11
11
53
28
6
11
28
28
6
11
28
28
11
2
11
11
6
6
64
28
37
6
45
64
53
28
43
43
19
64
6
28
28
62
64
64
64
45
53
28
28
64
64
28
45
45
64
28
62
2
28
62
62
64
28
53
64
64
64
53
64
53
45
2
64
2
28
64
2
62
28
62
2
64
53
64
53
2
2
53
64
45
64
2
53
45
45
64
62
62
62
2
2
43
43
19
55
62
53
64
2
2
64
53
53
2
62
64
28
64
2
62
2
2
64
2
53
45
64
2
62
53
64
2
53
45
62
62
53
38
62
53
64
45
45
62
38
64
62
62
64
1
55
43
43
38
38
45
38
62
62
62
45
38
38
62
38
45
38
64
38
38
38
45
38
38
38
38
64
45
38
38
45
38
38
38
38
38
19
43
29
45
38
45
38
38
45
38
29
38
47
47
47
15
29
12
1
19
55
55
26
15
15
12
15
29
66
32
29
47
15
15
15
66
32
47
66
66
29
47
66
47
29
29
15
15
15
47
15
29
66
15
47
12
12
15
32
66
12
54
47
15
32
32
66
12
32
54
1
1
55
19
19
54
47
15
12
47
66
66
32
12
66
15
47
47
54
12
66
54
66
66
12
15
12
54
54
54
15
54
15
12
12
66
32
15
54
54
54
47
32
66
15
54
66
73
54
54
66
32
47
15
54
47
66
66
54
16
16
14
54
47
16
55
19
55
43
54
54
73
14
47
14
54
14
16
14
66
16
66
14
14
14
54
66
16
54
54
66
14
54
54
47
16
16
54
54
54
14
73
73
54
14
54
16
16
44
14
54
16
73
54
14
14
54
54
16
14
14
54
54
54
54
73
19
43
19
1
1
19
1
54
14
16
16
44
73
14
60
16
16
16
14
44
14
14
14
44
54
14
14
56
16
44
44
14
54
44
44
73
60
14
14
60
16
14
14
56
67
56
56
44
56
44
14
60
44
26
26
26
26
43
19
43
19
56
56
54
44
67
67
60
56
16
54
16
16
16
67
54
56
60
56
60
60
44
44
56
67
56
67
67
56
67
56
44
44
54
67
56
54
54
60
44
44
60
67
67
61
61
67
56
44
44
60
56
61
61
61
61
67
60
44
61
56
61
20
67
61
55
55
1
1
43
43
26
1
43
60
56
20
61
56
5
61
61
60
5
20
56
60
67
20
60
56
61
61
60
61
5
5
60
22
61
5
5
22
22
22
61
61
61
61
22
61
5
22
61
5
65
61
60
65
61
60
5
22
61
65
22
20
22
61
22
20
61
61
5
61
43
43
43
1
19
65
22
5
61
61
65
5
22
5
61
61
22
65
65
20
5
22
5
22
65
61
61
61
5
23
22
65
5
61
65
65
22
5
22
20
61
65
61
34
23
20
23
22
34
5
65
34
61
61
23
61
65
22
20
23
65
26
19
26
1
26
19
23
23
65
61
22
34
65
23
22
34
34
20
34
34
23
23
65
61
20
65
34
23
20
23
20
65
65
65
20
23
20
34
23
23
23
20
34
65
23
23
34
20
34
34
23
23
69
8
23
26
26
26
23
20
65
23
8
69
27
23
20
34
34
23
34
23
18
23
8
23
27
69
18
20
18
23
20
18
8
27
4
4
20
4
27
18
18
34
8
20
1
55
1
43
26
1
55
1
27
4
27
8
27
8
8
18
20
18
27
23
69
4
27
8
69
69
8
18
27
27
8
27
27
69
18
27
27
69
27
4
4
69
27
4
18
18
69
69
69
27
26
26
26
1
19
43
55
19
43
19
27
8
4
18
18
69
18
4
8
27
27
8
8
27
4
8
69
69
4
18
8
8
7
18
8
4
8
27
69
7
7
27
4
7
69
7
7
27
7
8
4
7
7
69
7
27
8
7
27
7
18
8
7
4
7
27
4
