245.417 46.2804 
181.107 166.077 
231.324 287.083 
308.62 59.3572 
325.794 185.521 
130.763 26.3826 
147.116 34.1087 
172.691 182.8 
131.378 10.918 
322.307 95.847 
142.625 5.52422 
323.922 61.4264 
130.985 190.18 
178.61 209.179 
367.062 43.5901 
134.16 178.734 
158.928 158.155 
274.379 200.066 
184.307 274.811 
381.862 43.5342 
288.43 75.0864 
145.111 197.542 
243.499 17.3436 
284.623 90.2493 
367.29 7.58494 
328.947 13.5909 
151.132 67.9796 
20.595 34.3136 
293.834 58.4554 
134.236 56.2723 
194.299 87.9156 
213.057 274.732 
219.795 112.928 
282.041 221.397 
134.782 41.5416 
164.741 287.084 
317.312 200.903 
303.655 74.3738 
267.104 189.237 
381.105 216.097 
199.481 112.095 
150.512 53.8163 
157.58 172.074 
196.057 210.402 
217.058 96.5259 
149.902 273.546 
206.912 39.5507 
202.939 289.522 
143.09 167.424 
383.022 60.5371 
221.134 43.96 
28.1996 108.631 
15.7818 205.461 
105.115 16.7008 
148.719 183.293 
331.941 84.4086 
298.484 213.591 
210.886 16.8868 
146.78 20.9817 
104.142 125.352 
179.59 103.527 
275.401 176.222 
187.318 192.184 
177.072 144.756 
34.4596 257.14 
138.868 285.38 
346.523 12.3127 
288.395 167.813 
366.425 66.5246 
338.099 71.7107 
30.6732 283.976 
382.785 81.9397 
354.133 281.065 
305.027 95.4843 
161.375 207.255 
