62
62
62
25
25
25
62
62
62
62
39
35
35
35
39
35
39
62
53
62
62
62
62
39
39
54
39
39
39
75
45
32
39
54
54
45
75
39
39
45
54
45
45
39
54
32
45
32
26
26
39
75
26
39
45
39
75
45
75
25
53
62
62
62
62
54
26
26
39
75
75
54
45
26
45
54
39
45
45
54
75
54
45
26
39
26
45
45
54
45
75
39
39
75
75
45
39
39
39
75
54
45
54
45
75
39
75
39
54
75
39
45
39
45
34
54
26
75
75
54
54
54
45
39
75
75
39
45
39
54
39
54
75
45
75
26
26
26
75
19
75
19
32
75
75
54
9
39
75
39
39
75
45
9
32
32
62
62
62
54
54
32
34
26
16
32
19
39
19
39
32
19
39
34
19
34
9
26
26
19
19
32
39
34
26
63
63
16
16
39
34
32
26
34
26
26
32
26
63
26
34
26
16
19
19
16
16
34
32
34
34
63
26
16
19
34
16
32
19
16
63
63
61
26
63
16
34
19
19
19
61
9
19
34
16
16
63
34
61
34
34
34
61
19
61
19
34
63
16
16
9
34
71
26
34
34
61
25
53
62
25
25
61
26
26
63
63
63
63
26
26
26
34
16
26
16
16
19
63
9
34
63
26
61
16
63
9
19
16
19
63
16
63
9
9
16
9
26
16
34
71
61
34
61
26
63
26
63
16
9
9
63
61
71
16
63
9
16
63
9
61
71
71
9
9
71
63
70
63
16
9
70
63
9
9
9
9
70
16
62
62
25
25
37
9
70
9
9
61
70
16
16
9
58
70
16
4
4
70
61
70
71
70
4
16
70
58
2
58
4
37
4
37
4
21
70
21
4
2
18
4
70
62
62
62
25
70
2
37
2
70
21
4
4
4
21
21
37
58
4
58
70
58
4
70
4
37
70
58
70
37
58
4
2
21
37
44
70
4
2
44
18
2
2
37
18
58
2
37
2
4
70
18
2
37
70
58
2
37
25
53
62
62
62
25
2
58
70
21
2
2
18
37
58
18
37
2
21
37
49
4
37
2
37
21
49
58
2
49
49
4
49
21
2
2
21
18
21
58
18
49
37
49
18
49
18
49
18
18
49
2
44
44
18
23
58
18
21
25
62
49
23
49
18
18
21
44
44
23
49
23
44
49
21
44
18
23
58
49
44
23
49
23
18
18
49
18
49
23
18
44
18
18
18
49
23
18
18
49
44
23
18
23
49
23
18
21
49
23
49
44
23
18
44
44
49
23
18
44
13
23
23
18
18
44
13
18
13
49
13
49
62
62
25
62
62
23
18
44
13
49
49
44
23
49
18
68
13
49
49
23
68
44
13
44
44
49
47
49
49
18
68
44
68
44
13
44
47
49
13
13
13
17
44
47
17
13
17
13
49
49
47
49
47
44
68
44
49
49
47
44
44
13
44
17
31
56
17
47
56
17
38
53
62
53
68
47
56
47
47
47
56
42
68
68
47
68
13
42
17
31
47
17
47
31
47
17
13
47
17
68
42
47
42
17
47
17
68
31
42
17
56
42
68
42
17
68
13
31
47
17
42
68
47
56
56
56
47
47
31
68
31
17
42
68
42
68
56
31
47
47
56
47
31
42
17
68
42
47
25
62
53
31
47
68
42
56
68
56
68
56
68
47
68
42
31
68
31
47
17
47
56
56
42
56
42
17
47
31
47
42
47
17
31
17
17
47
56
47
47
31
47
20
38
38
62
25
56
17
6
6
47
42
20
56
56
56
56
20
17
56
20
42
6
17
20
6
20
42
6
20
41
20
6
41
20
56
56
41
20
6
41
6
20
62
25
38
53
38
6
6
20
41
6
6
56
17
20
41
20
36
41
41
41
41
41
6
53
38
62
36
36
6
6
36
36
41
6
41
6
36
36
41
38
36
36
5
5
5
5
5
5
5
5
5
5
48
5
5
5
5
5
5
5
48
38
62
53
38
5
27
5
5
27
5
5
5
27
27
5
27
12
5
48
5
12
59
48
27
48
5
12
48
48
48
5
12
5
12
53
38
38
27
12
27
5
12
5
48
12
12
12
12
5
48
12
12
5
48
27
27
27
59
27
12
12
48
59
12
27
12
48
12
27
12
27
59
59
12
59
27
12
48
12
27
60
27
59
12
27
59
12
25
59
12
48
48
27
12
59
12
12
27
59
12
12
59
59
12
48
48
48
15
15
15
48
48
15
12
27
12
60
59
59
60
15
15
27
59
15
59
59
59
15
60
11
15
48
15
59
62
62
38
53
53
38
38
60
60
60
15
59
48
60
48
60
15
27
11
59
60
15
15
11
15
11
15
59
15
15
60
59
60
15
15
11
15
60
15
15
60
60
11
60
15
15
15
15
11
53
38
7
60
60
60
15
15
60
60
14
14
64
60
14
14
64
57
14
14
50
7
57
57
64
64
57
11
11
64
43
57
14
11
53
53
38
50
64
11
11
64
57
57
50
43
14
14
14
50
50
14
43
43
50
14
64
7
14
64
64
57
11
14
57
50
57
14
57
14
43
7
57
7
14
57
7
64
11
64
7
57
14
50
14
7
7
14
57
43
50
7
14
43
43
57
64
64
72
7
7
53
53
38
25
57
14
57
7
7
50
14
14
7
64
57
14
50
7
72
7
7
29
7
14
43
50
7
72
14
29
7
14
43
72
72
14
1
72
14
29
43
43
72
3
29
72
72
29
38
25
53
53
1
3
43
1
72
72
72
43
3
3
72
1
43
1
29
3
3
3
43
1
1
3
1
29
43
3
1
43
3
1
1
3
1
38
53
3
43
1
43
1
3
43
1
3
1
22
22
22
51
67
29
38
38
25
25
62
51
40
51
40
67
40
1
67
22
51
40
40
40
67
22
40
40
67
22
40
22
67
67
51
51
51
22
40
67
40
40
22
51
51
51
67
40
74
52
22
40
67
67
40
51
67
52
38
38
25
38
38
52
22
40
74
22
40
40
33
74
40
51
22
22
52
51
40
52
40
40
51
51
74
52
52
52
51
52
51
74
74
40
33
51
52
52
52
22
33
40
51
52
40
74
52
52
40
33
22
51
52
22
40
40
52
51
51
51
52
22
51
25
38
25
53
52
52
74
51
22
40
52
40
51
51
40
74
40
51
51
40
52
40
74
52
52
40
40
52
52
73
74
51
52
52
52
40
74
74
52
51
52
74
74
73
51
52
74
74
52
40
40
52
52
74
28
51
10
52
52
52
74
38
53
38
38
38
38
38
52
28
74
74
73
74
28
69
74
74
74
28
73
28
28
28
73
10
28
28
28
74
73
73
28
10
73
73
74
69
28
28
69
74
28
28
28
74
28
28
8
28
73
28
69
73
62
62
62
62
53
38
53
38
28
28
10
73
74
74
69
28
30
10
28
30
28
74
10
28
69
28
69
69
73
73
28
74
28
30
30
28
30
28
73
73
10
30
28
10
10
69
8
8
69
30
30
28
30
30
28
8
8
69
28
28
28
30
28
30
69
8
28
28
30
10
30
30
53
25
38
38
53
53
62
38
53
69
28
10
30
28
24
30
30
69
8
10
28
69
30
10
69
28
30
30
69
28
24
8
69
30
30
24
24
30
30
30
28
30
28
30
30
30
24
30
30
24
65
30
69
65
28
69
24
30
30
65
30
65
30
30
30
55
28
30
24
30
53
53
53
38
38
65
30
24
30
30
65
24
30
24
30
30
30
65
65
55
24
30
24
30
65
30
30
30
24
66
30
65
24
46
65
65
30
24
30
55
30
65
46
46
66
55
66
30
46
24
65
46
46
30
66
46
65
30
55
66
65
62
38
62
38
62
38
66
66
65
46
30
46
65
66
30
46
46
55
46
46
66
66
65
30
55
65
46
66
55
66
55
65
65
65
65
66
55
46
66
66
66
55
46
65
66
66
46
55
46
46
66
66
46
66
66
62
62
62
66
55
65
66
66
