246.656 52.8601 
287.848 170.245 
291.669 217.361 
213.228 43.2606 
159.115 159.569 
375.916 215.076 
121.9 12.7951 
403.591 281.643 
272.255 197.812 
363.955 53.6567 
370.189 283.308 
150.089 63.1179 
270.865 177.474 
368.693 38.5109 
389.084 73.6448 
405.532 87.4583 
255.709 25.4834 
144.569 195.192 
325.052 93.5965 
208.321 98.3181 
216.714 113.849 
374.457 64.2976 
146.998 33.2197 
313.451 64.1146 
393.798 54.8158 
335.231 75.6472 
376.003 86.2257 
146.78 20.9817 
293.653 63.4029 
179.22 179.421 
336.276 278.38 
130.69 49.4056 
383.558 228.485 
132.318 24.1027 
239.812 10.5307 
209.613 18.7722 
152.009 54.6668 
134.451 180.115 
409.355 65.4404 
135.637 58.3328 
305.46 92.6008 
152.292 75.0561 
157.151 203.971 
131.999 37.6761 
403.927 43.2586 
149.813 175.91 
380.936 45.4234 
14.6911 206.376 
177.325 146.632 
179.401 278.874 
139.466 7.59667 
177.719 208.17 
237.282 34.5225 
30.5136 119.69 
198.235 116.655 
193.503 87.6596 
286.709 84.8346 
361.973 8.69529 
129.377 191.386 
144.596 282.302 
22.6367 37.8143 
405.799 186.13 
33.6123 272.258 
228.467 284.394 
388.806 212.331 
374.943 201.553 
205.77 283.247 
182.338 103.689 
192.978 202.216 
406.472 219.965 
223.331 97.4371 
336.158 13.308 
104.142 125.352 
144.374 44.2876 
323.151 189.817 
