35.5501 285.632 
328.547 13.0873 
155.85 177.51 
459.583 46.7973 
419.293 283.038 
307.946 62.9923 
467.801 266.045 
457.519 146.07 
135.503 43.75 
148.545 32.0249 
306.528 92.6963 
369.722 77.9809 
138.328 283.318 
389.19 53.6623 
367.774 56.5964 
389.635 71.3169 
151.848 62.728 
455.446 22.7984 
37.7491 256.196 
431.975 212.4 
292.08 65.8695 
421.646 85.8104 
437.041 134.934 
179.59 103.527 
211.787 29.3406 
19.9679 201.067 
457.375 113.775 
318.323 195.584 
361.011 3.57891 
173.224 207.847 
135.303 58.147 
369.978 10.1458 
178.485 150.283 
435.828 34.4187 
183.897 275.455 
138.14 188.789 
298.751 215.509 
345.771 13.4468 
283.937 170.244 
286.491 85.4253 
134.506 27.0862 
199.481 112.095 
32.6214 125.476 
399.968 280.717 
336.276 278.38 
157.869 159.94 
369.386 283.666 
140.893 9.8021 
279.177 217.517 
210.364 274.498 
271.405 191.843 
229.893 279.101 
328.784 183.089 
384.256 218.05 
25.574 38.8923 
403.839 44.3809 
219.795 112.928 
194.299 87.9156 
243.521 29.5583 
406.517 186.006 
417.675 63.6763 
333.033 68.5164 
189.598 196.571 
328.555 90.4381 
427.863 193.453 
372.83 40.4676 
404.82 85.2914 
158.749 282.558 
457.152 7.23955 
104.142 125.352 
224.522 292.332 
201.144 289.328 
386.778 88.3546 
122.88 13.4194 
217.058 96.5259 
