151.21 201.48 
283.916 96.7674 
29.3094 265.994 
245.286 15.7362 
17.1334 196.885 
321.695 190.303 
139.008 67.6224 
8.70483 215.045 
156.245 77.6987 
200.446 90.4151 
189.303 199.026 
207.034 288.684 
24.9396 288.525 
146.66 184.648 
190.433 85.2247 
23.8738 106.051 
213.022 271.444 
203.724 22.3518 
166.122 286.159 
271.154 203.464 
218.118 12.4375 
146.959 24.2977 
181.105 213.32 
16.2538 34.9567 
287.851 69.2942 
131.662 272.719 
155.949 158.116 
141.916 289.089 
315.072 95.5602 
171.357 163.928 
325.176 11.9848 
136.904 173.511 
325.564 85.509 
247.474 47.4744 
297.023 202.388 
177.424 145.331 
321.965 60.4497 
197.063 118.122 
282.041 221.397 
104.142 125.352 
301.71 97.1975 
286.956 176.96 
279.578 192.495 
231.551 280.535 
206.824 38.6187 
213.878 114.273 
205.626 103.743 
146.408 41.5685 
132.785 36.1207 
294.875 82.3535 
150.988 273.67 
297.678 56.8917 
132.67 189.454 
155.349 175.098 
305.389 71.2876 
151.81 58.5955 
229.351 293.536 
226.68 110.432 
281.821 83.613 
216.68 47.8334 
225.946 93.5688 
20.741 210.324 
288.839 162.785 
187.559 277.639 
306.491 218.317 
136.786 7.71286 
232.579 35.7437 
269.731 173.922 
133.787 53.6406 
179.652 181.742 
267.426 190.118 
216.416 96.2442 
125.413 19.9265 
182.637 104.651 
324.869 278.625 
