347.496 18.9649 
178.811 194.46 
345.776 5.7894 
172.47 158.536 
271.19 191.254 
241.915 49.2493 
328.547 13.0873 
407.565 273.447 
154.235 159.888 
403.434 222.191 
313.133 205.581 
285.931 84.2153 
204.255 23.6952 
325.317 186.602 
303.085 72.8322 
151.547 177.043 
217.725 290.849 
191.148 91.5851 
145.53 40.584 
237.018 25.6705 
181.513 177.699 
368.578 283.438 
195.483 203.955 
420.055 284.097 
22.6367 37.8143 
142.48 282.073 
284.754 170.153 
402.661 51.0274 
341.906 86.7323 
416.847 76.5777 
218.307 11.6947 
139.258 195.922 
375.408 7.06668 
146.682 21.2542 
104.142 125.352 
254.307 30.6415 
176.982 212.613 
34.7601 271.904 
131.065 11.5989 
373.22 43.6391 
246.041 10.2178 
219.795 112.928 
336.276 278.38 
197.556 113.677 
132.209 35.3251 
432.16 37.4377 
216.014 96.5547 
286.202 216.773 
195.533 281.031 
325.215 100.735 
374.34 62.8942 
380.603 216.247 
31.615 122.002 
133.256 182.275 
431.771 213.398 
223.684 276.139 
324.085 84.7256 
177.845 142.395 
293.719 59.6454 
304.679 95.7287 
152.71 199.366 
17.9999 203.126 
150.901 59.5424 
322.612 60.4204 
427.829 194.251 
434.674 137.419 
365.044 6.53815 
213.786 43.5731 
406.517 186.006 
169.077 281.94 
156.245 77.6987 
337.91 72.2452 
396.824 283.971 
387.433 81.3331 
134.274 56.6215 
