48
48
48
61
61
61
48
48
48
48
7
73
73
73
7
73
7
48
54
48
48
48
48
7
7
59
7
7
7
32
44
59
7
38
38
44
32
7
7
34
59
44
32
34
38
59
44
59
60
60
7
32
60
7
34
7
40
44
32
61
54
48
48
48
48
59
60
60
34
40
40
38
44
60
34
59
34
44
44
38
32
59
32
60
34
60
44
44
59
34
40
51
51
32
32
34
51
34
34
40
38
44
38
34
40
51
32
51
38
40
34
34
51
44
34
38
60
40
40
38
38
38
44
51
40
40
51
44
51
38
51
38
40
44
42
60
60
60
40
74
40
74
18
40
40
38
46
51
40
51
51
40
23
46
18
18
48
48
48
38
38
18
23
60
46
18
74
51
74
51
18
23
51
28
74
28
5
60
60
23
74
18
51
28
60
12
12
46
46
51
28
18
60
23
60
60
18
60
37
60
51
60
46
74
74
46
46
28
18
28
51
12
60
46
23
28
46
18
23
46
12
37
18
60
12
46
28
74
23
23
18
46
23
28
46
46
37
51
18
23
23
28
18
74
43
74
28
12
46
46
5
28
42
60
28
51
43
61
54
48
61
61
18
60
60
12
37
12
37
60
60
60
28
46
60
46
46
23
12
5
28
12
60
18
46
12
5
74
46
23
12
46
37
5
5
46
5
60
46
23
42
43
23
43
60
37
60
37
46
5
5
12
43
42
46
12
5
46
37
5
43
42
42
5
5
42
37
60
12
46
5
60
37
5
5
5
5
60
46
48
48
61
61
43
5
60
5
5
43
60
46
46
5
49
50
5
5
5
50
43
50
68
50
5
30
50
49
43
49
49
52
5
52
5
30
50
30
5
30
68
5
50
48
48
48
61
50
30
52
52
50
30
5
30
49
30
30
52
49
49
49
50
49
49
50
49
52
50
49
50
52
49
30
52
30
52
68
50
49
52
68
68
30
52
52
68
49
52
52
30
30
50
68
52
52
50
49
52
52
61
54
48
48
48
61
30
49
50
30
69
30
68
52
49
56
52
69
30
52
50
49
52
30
52
30
50
49
69
50
50
49
50
30
69
69
30
56
30
49
68
50
52
50
56
50
56
50
68
68
50
69
68
55
56
69
49
56
30
61
48
50
69
50
56
56
30
55
55
69
67
69
68
50
30
55
56
69
49
50
68
69
67
69
56
56
50
56
67
69
56
55
56
56
68
67
69
56
56
67
55
69
56
69
67
69
56
30
67
69
67
55
69
56
55
55
67
69
20
55
36
69
69
56
56
55
36
56
36
67
4
67
48
48
61
48
48
69
56
55
36
67
67
20
69
67
56
4
36
67
67
69
4
55
36
55
55
67
20
67
67
20
4
55
4
20
36
55
20
67
36
36
36
67
55
20
67
36
67
36
67
67
20
67
20
20
4
55
67
67
20
21
21
36
21
67
36
67
67
20
67
67
63
54
48
54
4
20
67
20
20
20
67
21
4
4
20
4
36
21
67
36
20
67
20
36
20
67
36
20
67
4
21
20
21
67
20
67
4
36
21
67
67
21
4
21
67
4
36
36
20
67
21
4
20
67
67
67
71
71
36
4
36
64
21
4
21
4
67
36
71
71
64
71
36
21
64
4
21
71
61
48
54
36
71
4
71
64
4
64
4
64
4
71
4
71
36
4
36
71
64
71
64
64
21
64
71
64
71
35
71
21
71
64
35
64
64
71
64
71
71
35
71
53
63
63
48
61
64
64
53
53
71
21
53
64
64
64
64
35
64
64
53
71
53
64
53
53
35
21
1
35
35
53
53
35
53
64
64
35
53
1
35
53
35
48
61
63
54
63
1
1
53
35
1
53
64
64
53
35
53
53
35
35
35
35
35
1
54
63
48
17
17
1
1
1
17
17
1
17
1
17
17
35
63
17
17
9
9
9
13
13
9
13
9
9
13
9
9
13
13
13
9
9
9
3
63
48
54
63
9
13
13
13
13
9
9
9
13
13
9
13
57
9
3
9
57
29
9
2
3
9
57
9
3
3
9
57
13
57
54
63
63
2
57
2
13
57
9
3
57
57
57
57
9
3
57
57
9
3
2
2
2
29
2
57
57
3
29
57
2
57
3
57
2
57
2
29
29
57
29
2
57
3
29
2
57
2
29
57
2
29
57
61
29
57
3
3
2
29
29
57
57
2
29
57
57
29
29
57
3
3
3
29
29
57
3
3
29
57
2
57
41
29
29
41
29
57
2
29
57
29
29
29
29
41
3
29
3
29
29
48
48
63
54
54
63
63
41
41
41
29
29
3
41
3
41
41
2
75
29
41
41
41
75
24
3
41
24
24
24
41
24
41
24
41
75
24
41
24
24
41
41
3
41
24
24
24
24
3
54
63
72
41
41
41
24
24
41
41
75
75
24
41
75
75
24
41
75
75
19
72
19
19
24
24
19
75
3
24
31
19
75
75
54
54
63
19
24
75
75
24
19
19
19
31
75
75
75
19
19
75
31
31
19
75
24
72
75
24
24
19
75
75
19
19
19
75
19
75
31
72
19
72
75
26
72
26
75
24
72
26
75
19
75
72
72
75
19
31
19
72
75
31
31
26
24
26
26
72
72
54
54
63
61
26
75
26
72
72
19
75
75
72
26
26
75
19
72
26
72
72
26
72
75
31
19
72
26
75
19
72
75
31
26
26
75
72
26
75
26
31
31
26
72
26
26
26
26
63
61
54
54
72
72
31
72
26
26
26
31
72
72
26
72
31
72
26
72
72
72
31
72
72
72
72
19
31
72
72
31
72
72
72
58
58
63
54
58
31
58
31
58
58
31
58
58
58
11
11
11
10
58
27
63
63
61
61
48
10
10
22
10
58
14
58
58
11
10
10
10
14
58
11
14
14
58
11
14
11
58
58
10
10
22
11
10
58
14
10
11
22
22
22
58
14
27
66
11
10
58
58
14
22
58
66
63
63
61
63
63
33
11
10
27
11
14
14
58
27
14
22
11
11
6
22
47
6
14
47
22
22
27
6
66
6
22
6
22
27
27
14
58
22
6
6
6
11
58
14
22
6
47
27
66
33
47
58
11
22
66
11
47
47
33
22
22
22
33
11
22
61
63
61
54
6
33
27
22
11
47
6
47
22
22
47
15
47
22
47
47
33
47
15
66
33
47
47
65
33
11
15
15
65
65
33
47
27
27
65
25
33
15
15
11
25
65
15
27
33
47
47
65
33
15
25
25
33
65
65
65
15
63
54
63
63
63
63
63
65
25
15
15
8
16
25
62
15
15
15
25
8
25
25
25
8
65
25
25
45
15
8
8
25
33
8
8
16
62
25
25
65
15
25
25
45
16
45
45
8
45
8
25
62
8
48
48
48
48
54
63
54
63
45
25
70
8
16
16
62
45
39
70
39
39
39
16
70
45
62
45
62
62
8
8
45
16
45
16
16
45
16
45
8
8
70
16
39
70
70
62
8
8
62
39
16
39
39
16
45
8
8
62
45
39
39
39
39
16
62
8
39
45
39
70
39
39
54
61
63
63
54
54
48
63
54
62
45
70
39
45
8
39
39
62
8
70
45
62
16
70
62
45
39
39
62
39
8
8
62
16
39
8
8
16
16
16
39
39
39
39
