15
15
15
18
18
18
15
15
15
15
39
54
54
54
39
54
39
15
26
15
15
15
15
39
39
67
39
39
39
34
40
67
39
23
23
64
34
39
39
40
67
64
64
39
23
67
64
67
3
3
39
34
3
39
40
39
34
64
64
26
26
15
15
15
15
67
3
3
39
34
34
23
40
3
40
67
40
64
64
23
64
67
64
3
40
3
40
40
67
40
34
39
39
34
34
40
39
40
40
34
23
64
23
40
34
39
34
39
67
34
39
40
39
64
40
67
3
34
34
23
23
23
64
39
34
34
39
64
39
67
39
23
34
40
42
3
3
3
34
64
34
64
67
34
34
23
23
39
34
39
39
34
40
23
67
67
15
15
15
23
23
67
40
3
23
67
59
39
59
39
67
40
39
28
59
28
53
3
3
59
59
67
39
28
3
33
33
23
23
39
28
67
3
28
3
3
67
3
33
3
28
3
23
59
59
52
52
28
67
28
28
33
3
52
59
28
52
67
59
52
33
33
67
3
33
52
28
59
59
59
67
53
59
28
52
52
33
28
67
28
28
28
67
59
67
59
28
33
52
52
53
28
42
3
28
28
67
18
26
15
18
18
67
3
3
33
33
33
33
3
3
3
28
52
3
52
52
59
33
53
28
33
3
52
52
33
53
59
52
59
33
52
33
53
53
52
53
3
52
28
42
12
28
67
3
33
3
33
52
53
53
33
52
42
52
33
53
52
33
53
12
42
42
53
53
42
33
3
33
52
53
3
33
53
53
53
53
3
52
15
15
18
18
12
53
3
53
53
12
3
52
52
53
70
3
53
53
53
3
12
3
42
3
53
52
3
70
12
70
70
12
53
12
53
14
3
14
53
73
2
53
3
15
15
15
18
3
73
12
73
51
14
14
14
70
14
14
12
70
70
70
51
70
70
51
14
12
51
70
51
12
70
14
73
14
12
75
51
14
73
75
2
73
73
12
2
70
73
12
73
14
51
2
73
12
51
70
73
12
18
26
15
15
15
18
73
70
51
73
73
73
2
12
70
2
12
73
14
12
51
70
12
73
12
73
51
70
73
51
51
70
51
73
63
73
73
2
73
70
2
51
57
51
2
51
2
51
2
2
51
63
75
75
2
63
70
2
14
18
15
51
63
51
2
2
14
75
75
63
51
57
75
51
14
75
2
63
70
51
2
57
51
63
2
2
51
2
51
63
2
75
2
2
2
51
57
2
2
51
75
57
2
63
51
63
2
14
51
63
51
75
63
2
75
75
51
57
2
75
30
57
63
2
2
75
30
2
30
51
8
51
15
15
18
15
15
57
2
75
30
51
51
75
63
51
2
8
30
51
51
63
8
75
30
75
75
51
2
51
51
2
8
75
8
75
30
75
2
51
30
30
30
51
75
2
51
30
51
30
51
51
2
51
2
75
8
75
51
51
69
75
75
30
75
66
30
51
66
69
66
66
56
26
15
26
8
69
66
69
69
69
66
75
8
8
69
8
30
75
66
30
69
66
69
30
69
66
30
69
66
8
75
69
69
66
69
66
8
30
69
66
66
75
8
69
66
8
30
30
69
66
69
8
69
66
66
66
69
69
30
8
30
66
75
8
75
8
66
30
69
69
66
69
30
69
66
8
69
69
18
15
26
30
69
8
69
66
8
66
8
66
8
69
8
69
30
8
30
69
66
69
66
66
69
66
69
66
69
30
69
69
69
66
30
66
66
69
66
69
69
29
69
50
56
56
15
18
66
66
50
50
69
69
29
66
66
66
66
29
66
66
29
69
50
66
50
50
29
69
50
29
29
29
50
29
29
66
66
29
50
50
29
50
29
15
18
56
48
56
50
50
50
29
50
50
66
66
29
29
29
50
29
29
29
29
29
50
48
56
15
50
29
50
50
50
50
29
50
29
50
29
29
29
38
29
50
43
37
37
37
37
37
37
37
43
37
43
43
37
37
37
37
43
43
43
56
15
26
56
43
37
37
37
37
37
37
43
37
37
37
37
62
43
43
43
62
31
43
37
43
37
62
43
43
43
37
62
37
62
26
56
38
37
62
37
37
62
37
43
62
62
62
62
43
43
62
62
43
43
37
37
37
31
37
62
62
43
31
62
37
62
43
62
37
13
37
31
31
62
31
37
62
43
62
37
13
37
31
62
37
31
62
18
31
62
43
43
37
62
31
62
62
37
31
62
62
31
31
62
43
43
43
31
62
62
43
43
31
62
37
62
13
31
31
13
31
62
37
31
62
31
31
31
31
13
43
31
43
31
31
15
15
38
48
26
38
56
13
13
61
31
31
43
13
43
13
61
37
1
31
13
61
61
1
61
43
61
32
32
61
13
32
61
32
61
1
32
13
32
32
61
61
43
61
32
32
32
32
43
26
38
35
61
61
61
32
32
61
13
1
1
32
61
1
1
32
61
1
1
21
35
61
61
32
32
61
1
1
32
16
61
1
1
26
48
38
21
32
1
1
32
21
61
21
16
1
1
1
21
21
1
16
16
21
1
32
35
1
32
32
74
1
1
21
21
21
1
74
1
16
35
21
35
1
74
35
74
1
32
35
74
1
21
1
35
35
1
21
16
21
35
1
16
16
74
32
74
74
35
35
48
26
38
26
74
1
74
35
35
21
1
1
35
74
74
1
21
35
74
35
35
74
35
1
16
21
35
74
1
21
35
1
16
74
74
1
35
74
1
74
16
16
74
35
74
74
74
74
56
18
48
48
35
35
16
35
74
74
74
16
35
35
74
35
16
35
74
35
35
35
16
35
35
35
35
21
16
35
35
16
35
35
35
35
35
38
48
45
16
35
16
45
45
16
45
45
45
36
36
36
47
45
58
56
38
18
26
48
47
47
58
47
45
20
45
45
36
47
47
47
20
45
36
20
20
45
36
20
36
45
45
47
47
47
36
47
45
20
47
36
58
58
47
45
20
58
4
36
47
45
45
20
58
45
4
56
56
26
38
38
4
36
47
58
36
20
20
45
58
20
47
36
36
4
58
20
4
20
20
58
47
58
4
4
4
58
4
47
58
58
20
45
47
4
4
4
36
45
20
47
4
20
58
4
4
20
45
36
47
4
36
20
20
4
58
58
11
4
36
58
18
38
18
26
4
4
58
11
36
20
4
11
58
11
20
58
20
11
11
11
4
20
58
4
4
20
20
4
4
36
58
11
4
4
4
11
5
5
4
11
4
58
58
36
11
4
11
5
4
11
11
4
4
5
11
11
4
4
4
4
5
56
48
38
56
56
38
56
4
11
11
5
17
5
11
6
5
11
5
11
17
11
11
11
17
4
11
11
72
5
17
17
11
4
17
17
5
6
11
11
6
5
11
11
72
5
72
72
17
72
17
11
6
17
15
15
15
15
48
38
48
38
72
11
4
17
5
5
6
72
10
4
10
10
10
5
4
72
6
72
6
6
17
17
72
5
72
5
5
72
5
72
17
17
4
5
10
4
4
6
17
17
6
10
5
10
10
5
72
17
17
6
72
10
10
10
10
5
6
17
10
72
10
6
10
10
26
18
56
56
48
48
48
56
48
6
72
6
10
72
17
10
10
6
17
25
72
6
68
25
6
72
10
10
6
10
17
17
6
68
10
17
17
68
68
68
10
10
10
10
68
10
17
68
10
17
6
7
6
6
10
6
17
68
7
6
68
25
68
7
68
25
10
7
17
7
48
48
48
56
38
6
68
17
7
7
6
17
68
17
7
7
68
6
6
25
17
68
17
68
6
7
7
7
17
19
68
25
17
41
25
25
68
17
68
25
7
6
7
27
19
25
19
68
41
17
25
27
41
7
19
41
25
68
25
19
6
48
38
48
56
48
38
19
19
25
41
68
27
25
19
7
41
27
25
41
41
19
19
6
7
25
25
41
19
25
19
25
25
25
25
25
19
25
41
19
19
19
25
27
25
19
19
41
25
41
41
19
19
27
19
19
48
48
48
19
25
25
19
19
27
19
19
25
27
41
19
41
19
27
19
19
19
46
27
27
25
27
19
25
27
19
19
41
41
25
41
46
27
27
41
19
25
56
18
56
48
48
56
18
56
46
41
19
19
46
19
19
27
25
27
19
19
27
41
19
19
27
27
19
27
19
46
19
46
46
27
27
46
19
27
19
60
41
27
46
60
27
27
65
65
65
46
48
48
48
56
38
48
18
38
48
38
46
24
60
27
27
65
27
60
19
46
46
19
24
46
60
24
65
65
60
27
24
24
44
65
24
60
24
46
65
44
44
46
60
9
65
9
44
46
44
24
60
9
44
65
55
46
24
9
46
55
65
24
44
60
9
46
60
9
9
46
38
48
26
56
48
56
46
46
24
60
24
44
46
46
60
44
24
24
44
65
60
24
46
9
60
44
65
24
46
55
24
55
24
65
65
44
65
60
44
60
24
46
44
9
46
9
55
60
60
46
24
44
44
65
65
24
55
24
71
65
71
44
60
65
9
24
60
65
60
44
9
65
24
46
65
55
24
9
46
71
55
24
9
55
24
24
24
71
44
24
24
24
24
24
65
71
24
22
55
46
71
71
48
48
38
18
48
38
48
56
18
56
48
44
71
65
22
71
60
22
71
24
46
49
65
22
24
24
55
24
49
49
71
60
49
24
71
46
55
22
49
24
71
55
71
65
24
71
46
46
65
24
46
71
46
71
60
71
60
71
24
49
55
55
71
49
49
60
24
49
46
22
49
60
24
24
24
49
55
71
46
24
71
71
71
71
71
71
46
71
24
22
46
49
49
46
22
55
49
22
71
22
24
22
56
48
26
38
18
56
38
18
46
22
65
55
46
22
55
55
55
49
22
22
71
22
49
22
71
55
22
71
49
46
71
60
71
22
22
71
49
71
49
60
71
60
60
60
71
49
49
71
60
71
71
15
15
15
15
15
15
48
56
56
48
48
48
71
71
60
60
71
71
71
71
71
38
56
56
48
48
56
48
48
56
38
48
48
56
48
56
48
56
48
48
48
56
