2
2
2
15
15
15
2
2
2
2
33
66
66
66
33
66
33
2
19
2
2
2
2
33
33
36
33
33
33
40
7
36
33
36
36
7
40
33
33
7
36
7
40
33
36
36
7
36
48
48
33
40
48
33
7
33
40
40
40
19
19
2
2
2
2
36
48
48
33
40
40
36
7
48
7
36
7
40
7
36
40
36
40
48
7
48
7
7
36
7
31
21
21
40
40
7
21
7
7
40
36
40
36
7
31
21
40
21
36
40
21
7
21
40
7
36
48
40
40
36
36
36
7
21
40
31
21
40
21
36
21
36
40
7
31
48
48
48
40
40
40
40
25
40
31
36
60
21
40
21
21
40
7
60
25
25
2
2
2
36
36
36
72
48
60
36
40
21
40
21
36
72
21
72
40
21
39
48
48
72
40
25
21
72
48
31
31
60
60
21
72
25
48
72
48
48
25
48
40
48
21
48
60
40
40
60
60
72
25
21
21
31
48
60
72
21
60
25
72
60
31
40
25
48
31
60
72
72
72
72
25
60
72
72
60
60
31
21
25
72
72
72
25
40
25
72
72
31
60
60
39
72
31
48
72
21
25
15
19
2
19
15
25
48
48
31
31
31
31
48
48
48
72
60
48
60
60
72
31
39
72
31
48
25
60
31
39
40
60
72
31
60
31
39
39
60
39
48
60
72
31
25
72
25
48
31
48
31
60
39
39
31
25
31
60
31
39
60
31
39
25
31
31
39
39
31
31
48
31
60
39
48
31
39
39
39
39
48
60
2
2
15
15
25
39
48
39
39
25
48
41
41
41
26
48
41
39
39
48
25
48
46
48
39
41
48
26
25
26
26
51
39
51
39
41
48
41
39
41
11
39
32
2
2
2
15
32
1
51
1
32
41
41
41
26
41
41
51
26
26
26
32
26
26
32
41
51
32
26
32
51
26
41
51
41
51
11
32
41
51
11
46
1
1
51
11
26
51
51
1
41
32
11
1
51
32
26
51
51
15
19
2
2
2
15
1
26
32
1
1
1
46
51
26
46
51
1
41
51
32
26
51
1
51
1
32
26
1
32
32
26
32
1
51
1
1
46
1
26
11
32
51
32
46
32
46
32
46
11
32
1
11
11
46
51
26
46
1
15
2
32
1
32
46
46
1
11
11
1
32
51
11
32
1
11
46
1
26
32
11
51
32
1
46
46
32
46
32
51
46
11
46
46
11
32
51
46
46
32
11
51
46
1
32
51
46
1
32
1
32
11
51
46
11
11
32
51
11
11
14
51
1
46
46
11
14
46
14
32
14
32
2
2
15
2
2
51
46
11
14
32
32
11
51
32
46
12
14
32
32
51
12
11
14
11
11
32
46
32
32
46
12
11
12
11
14
11
46
18
14
14
14
18
11
46
18
14
18
14
18
18
46
18
46
47
12
11
18
18
47
11
11
14
11
18
34
18
18
47
18
18
50
19
2
19
12
47
18
47
47
46
18
11
14
12
46
12
14
47
18
34
47
18
47
34
47
18
14
47
18
12
47
47
47
18
47
18
12
34
47
18
18
47
12
47
18
12
14
34
47
18
47
12
47
18
18
18
47
47
34
12
34
18
47
12
47
12
18
34
47
47
18
47
34
47
18
12
47
47
15
2
19
34
47
12
47
18
12
18
12
18
12
47
12
47
34
12
34
47
18
47
18
18
47
18
47
18
47
34
47
47
47
18
34
18
18
47
18
47
47
34
47
61
50
50
2
15
18
18
43
43
47
47
61
18
18
18
18
61
18
18
61
47
43
18
61
43
61
47
43
61
56
61
43
56
61
18
18
56
43
43
56
43
61
2
15
50
49
50
43
43
61
56
43
43
18
18
61
56
61
43
56
56
56
56
56
43
49
50
2
61
56
43
43
43
43
56
43
56
43
56
56
56
50
56
43
4
4
4
4
58
4
58
4
4
4
4
4
58
4
58
4
4
4
68
50
2
19
50
4
58
58
4
58
4
4
4
58
58
4
58
71
4
68
4
67
67
4
58
68
4
71
4
68
68
4
67
58
71
19
50
50
58
71
58
58
71
4
68
71
71
71
67
4
68
71
71
4
68
58
58
58
67
58
71
71
68
67
71
58
71
68
67
58
71
58
67
67
71
67
58
71
68
67
58
71
58
67
71
58
67
71
15
67
71
68
68
58
67
67
71
71
58
67
71
71
67
67
71
68
68
68
67
67
67
68
68
67
71
58
71
37
30
30
71
67
71
58
30
71
30
30
30
30
71
68
30
68
30
30
2
2
50
49
19
50
50
71
71
71
30
30
68
37
68
37
71
58
65
30
37
71
71
65
30
68
71
30
30
30
37
30
37
30
37
65
30
37
30
30
37
37
68
37
30
30
30
30
68
19
50
75
37
37
37
30
30
37
37
65
65
30
37
65
65
30
37
65
65
37
75
37
37
30
30
29
65
68
30
16
29
65
65
19
49
50
37
30
65
65
53
29
29
37
16
65
65
65
37
29
65
16
16
37
65
53
8
65
53
53
29
65
65
29
29
29
65
29
65
16
8
29
35
65
29
75
53
65
53
8
29
65
29
65
8
8
65
29
16
29
75
65
16
16
29
53
53
53
35
8
49
19
50
19
29
65
29
35
35
29
65
65
8
53
29
65
29
75
53
8
75
29
75
65
16
29
8
53
65
29
8
65
16
53
53
65
75
53
65
29
16
16
53
27
29
53
53
29
50
15
49
49
64
27
16
64
53
53
53
16
27
27
53
64
16
64
29
27
27
27
16
64
64
27
64
29
16
27
64
16
27
64
64
27
64
50
49
27
16
64
16
64
27
16
64
27
64
16
16
16
62
24
23
50
50
15
19
3
23
62
23
62
24
17
64
24
16
62
62
62
17
24
16
17
17
24
16
17
16
24
24
62
62
23
16
62
24
17
62
16
23
23
23
24
17
20
10
16
62
24
24
17
23
24
10
50
50
19
50
50
10
16
62
23
16
17
17
24
20
17
23
16
16
10
23
17
10
17
17
23
62
20
10
10
10
23
10
57
23
20
17
24
57
10
10
10
16
24
17
57
10
17
20
10
10
17
24
9
57
10
9
17
17
10
57
57
57
10
9
57
15
50
15
19
10
10
20
57
9
17
10
57
57
57
17
20
17
57
57
17
10
17
20
10
10
17
17
10
10
9
20
57
10
10
10
17
20
20
10
57
10
20
57
9
57
10
57
20
10
54
54
10
10
20
57
57
10
10
10
10
20
50
49
50
50
50
50
50
10
57
57
20
9
20
54
22
20
57
20
54
9
54
54
54
9
10
54
54
54
20
9
9
54
10
9
9
20
22
54
54
22
45
45
45
54
20
54
54
9
54
9
45
22
9
2
2
2
2
49
50
49
50
54
54
10
9
45
45
22
54
45
10
45
45
45
74
10
54
22
54
22
22
9
9
54
74
54
74
74
54
45
54
9
9
10
74
45
10
10
22
9
9
22
45
74
45
45
74
54
9
9
22
54
45
45
45
45
74
22
9
45
54
45
44
45
45
19
15
50
50
49
49
3
50
49
22
54
44
45
54
9
45
45
22
9
44
54
22
74
44
22
54
45
45
22
28
9
9
22
74
45
9
9
74
74
74
28
45
28
28
74
28
9
74
28
9
22
45
22
44
28
22
9
74
28
22
74
44
74
28
74
44
28
28
9
28
49
49
49
50
50
22
74
9
28
28
44
9
74
9
28
28
74
44
22
44
9
74
9
74
44
28
28
28
9
70
74
44
9
28
44
44
74
9
74
44
28
22
28
59
70
44
70
74
63
9
44
59
28
28
70
28
44
74
44
70
22
3
50
3
50
3
50
70
70
44
28
74
59
44
70
28
63
59
44
63
63
70
70
44
28
44
44
63
70
44
70
44
44
44
44
44
70
44
63
70
70
70
44
59
44
70
70
63
44
63
63
70
70
59
70
70
3
3
3
70
44
44
70
70
59
70
70
44
59
63
70
63
70
59
70
70
70
73
59
59
44
59
70
44
59
70
70
63
63
44
63
73
59
59
63
70
44
50
15
50
49
3
50
15
50
73
63
70
70
73
70
70
59
44
59
70
70
59
63
70
70
59
59
70
59
70
73
70
73
73
59
59
73
70
59
70
63
63
59
73
63
59
59
59
59
59
73
3
3
3
50
50
3
15
50
49
50
73
6
63
59
59
59
59
63
70
73
73
5
6
73
42
6
59
59
42
59
6
6
55
59
6
42
6
73
13
55
52
73
38
52
13
52
55
73
52
6
38
52
55
13
55
73
6
52
5
55
13
6
55
42
52
73
42
52
52
73
50
3
19
50
49
50
73
73
6
42
6
55
73
73
38
55
6
6
55
13
42
6
5
52
42
52
13
6
5
55
6
55
6
13
13
55
13
42
55
42
5
73
55
52
5
52
55
42
42
5
6
55
55
13
13
6
55
6
13
13
38
52
42
13
52
6
42
13
42
55
52
13
6
73
13
55
6
52
5
38
55
6
52
55
6
6
6
13
55
6
6
6
6
6
13
38
6
52
55
73
13
38
3
3
50
15
3
50
49
50
15
50
3
55
13
13
52
13
42
52
38
6
5
55
13
52
6
6
55
6
52
52
38
38
55
6
38
5
55
52
55
6
13
55
13
13
6
38
5
5
13
6
73
13
5
38
38
13
38
38
6
55
55
55
13
55
55
42
6
55
5
52
52
42
6
6
6
55
55
38
73
6
38
13
38
13
13
13
5
13
5
52
5
55
55
5
52
55
55
52
38
52
6
52
50
49
19
50
15
50
50
15
5
52
13
55
5
52
55
55
55
55
52
52
38
52
52
52
13
55
52
13
55
5
13
42
13
52
52
38
55
13
55
42
38
42
42
42
13
55
55
13
38
38
13
2
2
2
2
2
2
49
50
50
3
3
3
13
13
42
42
13
38
13
13
38
50
50
50
3
49
50
49
3
50
50
3
3
50
49
50
3
50
3
49
66
50
3
49
50
49
3
15
3
66
49
50
15
66
69
50
50
3
50
50
50
3
3
50
50
3
3
50
50
50
50
3
3
66
3
3
3
49
66
3
50
50
15
3
66
50
50
69
69
66
2
15
2
2
2
2
3
50
50
66
50
50
50
66
50
50
15
69
66
3
66
66
69
50
69
66
50
50
50
50
66
69
69
50
66
69
69
3
3
50
50
69
50
50
50
69
66
66
50
69
69
66
50
69
50
50
69
15
50
50
50
69
69
66
66
50
69
69
66
50
50
66
50
50
50
50
50
66
50
69
15
50
66
50
66
50
69
69
66
15
66
50
50
50
50
66
2
50
50
69
50
50
50
50
50
50
50
69
15
50
50
66
50
15
50
50
50
50
50
69
69
69
3
69
50
66
15
66
50
50
50
69
69
50
50
66
15
15
50
66
69
50
66
15
66
50
50
15
50
50
15
50
