142.352 177.791 
328.547 13.0873 
190.208 113.223 
218.041 113.454 
220.018 7.11193 
377.154 75.1678 
16.3696 202.971 
476.932 21.9963 
406.651 183.327 
246.125 13.9189 
229.284 284.421 
345.93 13.0479 
151.555 63.438 
205.728 103.123 
317.6 63.4799 
245.204 56.6158 
38.9266 256.437 
295.434 63.9333 
41.6418 158.7 
405.711 220.694 
136.593 53.6149 
323.037 190.52 
413.587 198.027 
464.764 105.707 
124.822 15.106 
475.381 154.391 
470.25 49.2003 
176.858 146.808 
216.357 19.8478 
472.012 135.333 
220.478 94.4066 
474.896 264.013 
290.173 85.4711 
421.525 63.1495 
194.704 198.288 
241.156 35.6793 
144.596 282.302 
179.243 177.416 
449.984 17.694 
179.768 279.27 
334.427 79.274 
380.827 216.696 
430.277 192.376 
316.595 96.0929 
178.291 198.538 
9.05316 216.067 
213.44 44.1182 
26.0171 32.4542 
415.373 87.4722 
37.1935 284.612 
191.786 89.0187 
448.492 128.8 
27.8695 88.2048 
194.887 214.494 
132.55 35.0116 
402.348 68.1824 
380.437 281.383 
372.539 46.9083 
366.582 7.32177 
440.882 40.4813 
140.528 194.08 
271.62 195.959 
437.782 212.309 
290.592 217.338 
435.822 141.382 
206.539 283.105 
140.689 10.0908 
398.922 47.1139 
157.89 162.724 
281.688 172.153 
171.713 212.633 
104.142 125.352 
202.998 23.5935 
471.672 5.36989 
147.333 30.943 
