46
46
46
48
48
48
46
7
46
46
25
72
72
72
25
72
25
7
53
46
7
46
46
25
25
61
25
25
25
21
55
61
25
1
1
55
21
25
25
55
61
55
55
25
1
61
55
61
37
37
25
21
37
25
55
25
21
55
21
53
53
7
46
7
7
61
37
37
25
21
21
1
55
37
55
61
25
55
55
1
21
61
21
37
25
37
55
55
61
55
21
67
67
21
21
55
67
25
25
21
1
55
1
55
21
67
21
67
61
21
67
55
67
55
55
61
37
21
21
1
1
1
55
67
21
21
67
55
67
61
67
1
21
55
13
37
37
37
21
55
21
55
61
21
21
1
1
67
21
67
67
21
75
1
61
61
46
7
7
1
1
61
75
37
1
61
21
67
21
67
61
75
67
75
21
67
69
37
37
75
21
61
67
75
37
13
13
1
1
67
75
61
37
75
37
37
61
37
21
37
67
37
1
21
21
1
1
67
61
67
67
13
37
1
75
67
1
61
75
1
13
21
61
37
13
1
75
75
75
75
61
69
75
75
1
1
13
67
61
75
75
67
61
21
61
75
67
13
1
1
69
75
13
37
75
67
61
48
53
7
48
48
61
37
37
13
13
13
13
37
37
37
75
69
37
1
1
75
13
69
75
13
37
61
1
13
69
75
1
75
13
1
13
69
69
69
69
37
1
75
13
71
75
61
37
13
37
13
1
69
69
13
61
13
69
13
69
69
13
69
71
13
13
69
69
13
13
37
13
69
69
37
13
69
69
69
69
37
69
7
7
48
48
71
69
37
69
69
45
37
69
69
69
28
40
69
69
69
40
71
40
51
40
28
38
40
28
45
28
28
71
69
71
69
38
40
38
69
38
3
69
40
7
7
7
48
40
45
71
45
40
38
38
38
28
38
38
71
28
28
28
40
28
28
40
28
71
40
28
40
71
28
38
45
38
45
3
40
28
45
3
51
45
45
71
3
28
45
71
38
38
40
3
45
71
40
28
45
71
48
53
7
46
7
48
38
28
40
38
45
45
51
71
28
51
45
45
38
71
40
28
45
38
45
38
40
28
45
40
40
28
40
38
45
45
38
51
38
28
3
40
54
40
51
40
51
40
51
3
40
35
3
3
51
35
28
51
38
48
7
40
35
40
51
51
38
3
3
35
40
54
3
40
38
3
51
35
28
40
3
54
66
35
51
51
40
51
66
35
51
3
51
51
14
66
54
51
51
66
3
54
51
35
66
35
51
38
66
35
66
3
35
51
3
3
66
54
14
14
73
54
35
51
51
3
73
51
73
66
73
66
46
7
48
7
46
54
51
3
73
66
66
14
35
66
51
47
73
66
66
35
47
3
73
14
3
66
14
66
66
51
47
14
47
14
73
14
14
66
73
73
73
66
4
14
66
73
66
73
66
66
14
66
14
14
47
4
66
66
14
14
14
73
4
66
5
66
66
14
66
66
50
53
7
53
47
14
66
14
14
31
66
4
47
47
31
47
73
4
66
29
14
66
14
5
14
66
29
14
66
47
4
31
4
66
31
66
47
29
4
66
66
4
47
4
66
47
29
29
31
66
4
47
31
66
66
66
31
31
5
47
29
66
4
47
4
47
66
29
31
31
66
31
29
4
11
47
4
31
48
7
53
29
31
47
4
11
47
11
29
11
47
31
47
4
5
47
5
31
11
31
11
11
4
11
4
11
31
5
31
4
31
11
5
11
11
31
11
31
31
5
31
36
50
50
7
48
11
11
36
36
31
4
36
11
11
11
11
10
11
11
36
4
36
11
36
36
10
4
16
10
10
36
36
10
36
11
11
10
36
16
10
36
10
7
48
50
19
50
16
16
36
10
16
36
11
11
36
10
36
36
10
10
10
10
10
36
19
50
7
36
10
36
16
36
36
10
16
10
16
10
10
10
17
10
36
62
62
62
62
70
62
70
62
62
62
62
62
70
62
70
62
62
62
64
50
7
53
50
62
70
70
62
70
62
62
62
70
70
62
70
33
62
64
62
33
18
62
70
64
62
33
62
64
64
62
33
70
33
53
50
17
70
33
70
70
33
62
64
33
33
33
33
62
64
33
33
62
64
70
70
70
18
70
33
33
64
18
33
70
33
64
33
70
33
70
18
18
33
18
70
33
64
18
70
33
70
18
33
70
18
33
48
18
33
64
64
70
18
18
33
33
70
18
33
33
18
18
33
64
64
64
18
18
33
64
64
18
33
70
33
33
18
18
33
18
33
70
18
33
18
18
18
18
33
64
18
64
18
18
46
7
17
19
53
17
50
33
33
33
18
18
64
44
64
44
33
70
22
18
44
33
33
22
18
64
33
18
18
18
44
18
44
18
33
22
15
44
15
15
44
44
64
44
15
15
15
15
64
53
17
2
44
44
44
15
15
44
44
22
22
15
44
22
22
15
44
22
22
44
2
44
44
15
15
44
22
22
15
57
44
22
22
53
19
17
44
15
22
22
15
44
41
44
57
22
22
22
44
44
22
57
57
44
22
15
2
22
15
15
41
22
22
44
44
41
22
41
22
57
2
41
2
22
41
2
15
22
15
2
41
22
44
22
2
2
22
44
57
44
2
22
57
57
41
15
15
41
2
2
19
53
17
53
41
22
41
2
2
44
22
22
2
15
41
22
44
2
41
2
2
41
2
22
57
44
2
41
22
41
2
22
57
41
41
22
12
41
22
41
57
57
41
12
41
41
41
41
50
48
19
19
12
12
57
12
41
41
41
57
12
12
41
12
57
12
41
12
12
12
57
12
12
12
12
41
57
12
12
57
12
12
12
12
12
17
19
12
57
12
57
12
12
57
12
59
12
57
57
57
58
59
6
50
17
48
53
19
6
58
6
58
59
58
59
59
57
58
58
58
58
59
57
58
58
59
57
58
57
59
59
58
58
6
57
58
59
58
58
57
6
6
6
59
58
6
42
57
58
59
59
58
6
59
42
50
50
53
17
17
42
57
58
6
57
58
58
59
6
58
6
57
57
42
6
58
42
58
58
6
58
6
42
42
42
6
42
58
6
6
58
59
58
42
42
42
57
59
58
58
42
58
6
42
42
58
59
57
58
42
57
58
58
42
6
6
58
42
57
6
48
17
48
53
42
42
6
6
57
58
42
58
6
58
58
6
58
6
58
58
42
58
6
42
42
58
58
42
42
57
6
6
42
42
42
58
6
6
42
68
42
6
6
57
68
42
6
6
42
68
68
42
42
6
68
56
42
42
42
42
6
17
19
17
50
50
17
50
42
56
56
56
57
6
68
9
56
56
56
68
57
68
68
68
57
20
68
68
68
56
57
57
68
20
57
57
49
9
68
68
23
56
56
56
68
49
68
68
57
68
57
56
9
57
7
7
46
46
19
17
19
17
68
68
20
57
56
56
9
68
56
20
56
56
56
49
20
68
23
68
9
9
57
57
68
49
68
49
49
68
56
68
57
57
20
49
56
20
20
9
57
57
9
56
49
56
56
49
68
57
57
9
68
56
56
56
56
49
9
57
56
68
56
20
56
56
53
48
50
50
19
19
19
50
19
9
68
20
56
68
57
56
56
9
57
20
68
23
49
20
9
68
56
34
23
34
57
57
9
49
34
57
57
49
49
49
34
34
34
34
49
34
57
49
34
57
23
34
9
23
34
9
57
49
34
23
49
23
49
34
49
20
34
34
57
34
19
19
19
50
17
23
49
57
34
34
23
57
49
57
34
34
49
43
43
63
57
49
57
49
43
34
34
34
57
65
49
43
57
34
43
43
49
57
49
63
34
43
34
39
65
63
65
49
60
57
43
60
34
34
65
34
43
49
63
65
43
19
17
19
50
19
17
65
65
43
34
49
39
43
65
34
60
39
63
60
60
65
65
43
34
63
43
60
52
63
65
63
43
43
43
63
65
63
60
65
65
65
63
60
43
65
65
60
63
60
60
52
52
39
65
65
19
19
19
52
63
43
65
65
39
52
52
63
39
60
52
60
52
39
52
65
52
24
39
39
63
39
52
63
39
65
52
60
60
63
60
24
39
39
60
52
63
50
48
50
19
19
50
48
50
24
60
52
52
24
52
65
39
63
39
52
52
39
60
52
52
39
39
52
39
52
24
52
24
24
39
39
52
52
39
52
27
60
39
24
27
39
39
74
74
74
24
19
19
19
50
17
19
48
17
19
17
24
30
27
39
39
39
39
27
30
24
24
30
26
24
27
26
74
74
27
8
30
26
32
8
26
27
26
24
74
32
32
24
27
32
74
32
32
24
32
26
27
32
32
74
32
24
30
32
30
32
8
26
32
27
32
24
27
32
32
24
17
19
53
50
19
50
24
24
30
27
26
32
24
24
8
32
26
26
32
8
27
26
30
32
27
32
74
30
30
32
30
32
30
74
8
32
74
27
32
27
30
24
32
32
30
32
32
27
27
30
30
32
32
8
74
26
32
26
8
74
8
32
27
74
32
30
27
74
27
32
32
8
26
24
8
32
26
32
24
8
32
26
32
32
26
26
26
8
32
26
26
26
30
30
74
8
26
32
32
24
8
8
19
19
17
48
19
17
19
50
48
50
19
32
8
74
32
8
27
32
8
26
30
32
74
32
26
26
32
26
32
32
8
27
32
26
8
24
32
32
32
26
8
32
8
74
26
