323.037 190.52 
192.776 92.5089 
148.271 282.746 
384.256 218.05 
397.438 84.8569 
412.209 189.325 
423.57 67.5958 
213.228 43.2606 
472.459 280.354 
410.393 64.4615 
389.919 55.6861 
172.819 210.3 
300.038 98.2018 
178.513 171.291 
12.6545 208.785 
336.276 278.38 
409.734 281.964 
27.647 33.2079 
442.946 135.089 
373.569 40.9172 
326.878 96.8487 
488.083 282.414 
136.447 175.783 
476.653 151.233 
433.21 206.257 
28.897 87.8769 
449.018 18.7112 
147.422 20.8419 
243.888 16.4045 
210.587 17.7405 
293.927 62.3834 
314.179 63.2221 
150.901 59.5424 
134.414 56.5847 
337.082 13.2582 
370.189 283.308 
277.926 177.987 
40.5318 254.386 
130.891 10.4271 
133.607 28.3777 
439.385 43.8761 
153.95 77.2941 
284.346 211.938 
472.334 259.988 
363.533 8.19105 
471.529 109.66 
367.449 56.125 
44.61 159.774 
487.729 261.457 
243.111 44.2299 
193.088 281.026 
152.476 179.138 
158.313 159.535 
104.142 125.352 
481.682 243.994 
41.1331 283.559 
194.887 214.494 
375.174 75.9967 
146.467 41.0773 
477.791 49.3107 
309.642 86.9415 
287.01 83.0552 
194.08 198.433 
132.521 41.5341 
472.713 8.80487 
221.955 283.167 
139.679 194.236 
420.78 86.1959 
219.12 100.792 
177.424 145.331 
488.805 22.5662 
403.927 43.2586 
179.866 191.682 
334.525 76.1841 
200.492 114.64 
