185.773 189.095 
12.0167 208.599 
52.2255 171.004 
271.62 195.959 
481.381 120.241 
476.448 151.917 
132.279 30.1958 
329.908 12.2225 
405.923 282.03 
384.256 218.05 
195.251 112.068 
213.922 44.0173 
483.838 13.7024 
204.61 24.232 
39.6154 32.5946 
348.579 280.575 
374.3 41.3518 
219.162 283.318 
28.2993 86.4797 
385.376 83.0601 
139.899 9.13158 
410.203 186.715 
368.371 70.8519 
367.635 6.67028 
150.25 199.443 
177.424 145.331 
345.776 5.7894 
422.446 62.3846 
329.566 88.4237 
306.035 63.59 
149.731 63.7911 
189.241 280.567 
122.88 13.4194 
218.307 11.6947 
329.421 4.38003 
133.56 184.682 
310.847 96.4948 
485.14 32.0258 
158.317 158.704 
136.614 49.851 
171.231 172.432 
480.34 52.3431 
243.881 46.5744 
431.004 205.079 
406.667 67.7366 
194.508 89.8667 
218.763 103.067 
147.331 282.614 
43.2727 147.521 
54.7084 266.659 
184.936 209.371 
480.962 279.144 
333.161 68.0548 
400.004 46.2133 
481.122 252.862 
248.311 13.0583 
383.06 61.4787 
281.688 172.153 
451.445 16.7576 
148.95 175.833 
237.796 25.4114 
365.031 52.9684 
444.962 43.4965 
348.13 18.6397 
323.151 189.817 
69.4597 130.202 
288.625 66.9642 
291.669 217.361 
66.8118 184.119 
442.54 135.182 
290.385 86.5105 
147.447 29.1366 
464.808 104.426 
416.584 87.3203 
327.509 19.907 
